0 5 0 2.32183
0 5 1 0.896053
0 5 2 0.939022
0 5 3 0.524959
0 5 4 0.614803
0 5 5 0.353084
0 5 6 1.10699
0 5 7 1.31402
0 5 8 2.25152
0 5 9 2.31793
0 5 10 3.85308
0 5 11 2.39605
0 5 12 0.981991
0 5 13 0.896053
0 5 14 1.93512
0 5 15 4.2398
0 5 16 5.63824
0 5 17 5.5484
0 5 18 7.14215
0 5 19 9.09137
0 5 20 11.1734
0 5 21 13.314
0 5 22 13.9586
0 5 23 16.7711
0 5 24 16.6461
0 5 25 15.4507
0 5 26 17.4468
0 5 27 15.0132
0 5 28 14.8921
0 5 29 13.8961
0 5 30 12.1148
0 5 31 14.3609
0 5 32 10.2828
0 5 33 10.4078
0 5 34 7.97027
0 5 35 5.63043
0 5 36 5.43512
0 5 37 4.62262
0 5 38 3.34918
0 5 39 1.21246
0 5 40 2.41949
0 5 41 2.33355
0 5 42 1.32183
0 5 43 0.470272
0 5 44 1.0484
0 5 45 0.864803
0 5 46 -0.826603
0 5 47 1.97027
0 5 48 -0.404728
0 5 49 1.32965
0 5 50 -0.225041
0 5 51 0.532772
0 5 52 -0.318791
0 5 53 0.505428
0 5 54 -0.209416
0 5 55 0.126522
0 5 56 -0.756291
0 5 57 0.134334
0 5 58 0.876522
0 5 59 -0.131291
0 5 60 -1.83442
0 5 61 -0.0922281
0 5 62 0.0327719
0 5 63 0.692928
0 5 64 0.919491
0 5 65 0.474178
0 5 66 1.73199
0 5 67 -1.08832
0 5 68 0.0523032
0 5 69 0.106991
0 5 70 -1.44379
0 5 71 0.747616
0 5 72 -0.494572
0 5 73 0.685116
0 5 74 -0.525822
0 5 75 0.0874594
0 5 76 -1.30317
0 5 77 0.208553
0 5 78 -0.982853
0 5 79 -0.310978
0 5 80 1.1148
0 5 81 0.185116
0 5 82 0.290584
0 5 83 1.3609
0 5 84 0.696834
0 5 85 -0.580509
0 5 86 1.1734
0 5 87 0.673397
0 5 88 0.599178
0 5 89 0.767147
0 5 90 -0.799259
0 5 91 0.333553
0 5 92 -0.627384
0 5 93 -0.310978
0 5 94 -0.146916
0 5 95 -1.28363
0 5 96 -2.27192
0 5 97 -1.16645
0 5 98 -0.619572
0 5 99 0.528866
0 5 100 0.169491
0 5 101 -0.768009
0 5 102 0.685116
0 5 103 -0.975041
0 5 104 -0.170353
0 5 105 -0.115666
0 5 106 1.01715
0 5 107 0.470272
0 5 108 1.27496
0 5 109 0.485897
0 5 110 -1.29926
0 5 111 -0.869572
0 5 112 1.62262
0 5 113 0.103084
0 5 114 1.06012
0 5 115 -0.0805093
0 5 116 -1.38129
0 5 117 0.263241
0 5 118 -0.510197
0 5 119 0.0132407
0 5 120 1.00543
0 5 121 -0.0961343
0 5 122 0.544491
0 5 123 -0.498478
0 5 124 -0.00238433
0 5 125 0.0562094
0 5 126 0.610897
0 5 127 0.294491
0 5 128 0.356991
0 5 129 0.345272
0 5 130 0.638241
0 5 131 -0.154728
0 5 132 -1.24067
0 5 133 0.622616
0 5 134 -0.228947
0 5 135 -1.71332
0 5 136 -0.0101968
0 5 137 -0.705509
0 5 138 0.677303
0 5 139 0.0991782
0 5 140 -0.643009
0 5 141 0.325741
0 5 142 -0.810978
0 5 143 -0.135197
0 5 144 1.54058
0 5 145 -1.30317
0 5 146 0.450741
0 5 147 -0.0844156
0 5 148 0.646053
0 5 149 0.259334
0 5 150 0.689022
0 5 151 -0.162541
0 5 152 -0.369572
0 5 153 -0.990666
0 5 154 -1.08832
0 5 155 0.446834
0 5 156 0.571834
0 5 157 -0.0766031
0 5 158 0.0327719
0 5 159 0.364803
0 5 160 -1.34613
0 5 161 1.20465
0 5 162 -1.34223
0 5 163 0.794491
0 5 164 -1.22895
0 5 165 -0.154728
0 5 166 -0.506291
0 5 167 -1.61957
0 5 168 0.235897
0 5 169 0.130428
0 5 170 0.567928
0 5 171 0.177303
0 5 172 1.14215
0 5 173 -0.146916
0 5 174 -0.0453531
0 5 175 0.349178
0 5 176 -0.978947
0 5 177 -1.4477
0 5 178 -0.611759
0 5 179 -0.189884
0 5 180 -0.353947
0 5 181 0.673397
0 5 182 1.35308
0 5 183 -0.756291
0 5 184 -0.396916
0 5 185 -0.541447
0 5 186 -0.643009
0 5 187 1.52496
0 5 188 1.76715
0 5 189 2.21246
0 5 190 -1.05317
0 5 191 1.1773
0 5 192 -0.674259
0 5 193 0.0796469
0 5 194 0.263241
0 5 195 -0.0492593
0 5 196 0.0640219
0 5 197 0.540584
0 5 198 0.388241
0 5 199 0.153866
0 5 200 0.485897
0 5 201 0.00933442
0 5 202 -1.15863
0 5 203 -0.416447
0 5 204 -0.846134
0 5 205 -0.541447
0 5 206 -0.0258218
0 5 207 -1.16254
0 5 208 -1.79145
0 5 209 0.169491
0 5 210 -1.4477
0 5 211 -0.932072
0 5 212 0.138241
0 5 213 0.618709
0 5 214 -0.963322
0 5 215 1.04449
0 5 216 0.200741
0 5 217 -0.768009
0 5 218 -1.11567
0 5 219 0.524959
0 5 220 1.36871
0 5 221 -0.877384
0 5 222 0.200741
0 5 223 -0.205509
0 5 224 0.0952719
0 5 225 0.0874594
0 5 226 0.138241
0 5 227 -1.80707
0 5 228 -0.197697
0 5 229 -0.0726968
0 5 230 0.415584
0 5 231 -1.60395
0 5 232 1.47418
0 5 233 -0.111759
0 5 234 0.204647
0 5 235 0.841366
0 5 236 -0.240666
0 5 237 -0.00238433
0 5 238 -0.307072
0 5 239 -0.244572
0 5 240 -1.08442
0 5 241 0.649959
0 5 242 0.692928
0 5 243 0.489803
0 5 244 0.310116
0 5 245 -1.55707
0 5 246 -0.0414468
0 5 247 0.0210532
0 5 248 0.353084
0 5 249 0.935116
0 5 250 -0.221134
0 5 251 -0.201603
0 5 252 0.0562094
0 5 253 0.599178
0 5 254 -0.467228
0 5 255 0.0835532
0 5 256 0.454647
0 5 257 -0.533634
0 5 258 0.353084
0 5 259 0.149959
0 5 260 0.536678
0 5 261 -0.00629058
0 5 262 1.2398
0 5 263 1.43902
0 5 264 -0.467228
0 5 265 -0.135197
0 5 266 -0.670353
0 5 267 0.794491
0 5 268 0.888241
0 5 269 0.521053
0 5 270 0.942928
0 5 271 -0.0258218
0 5 272 0.380428
0 5 273 -0.373478
0 5 274 0.329647
0 5 275 1.06793
0 5 276 -0.443791
0 5 277 1.43902
0 5 278 -0.432072
0 5 279 -0.0648843
0 5 280 0.278866
0 5 281 -0.814884
0 5 282 0.212459
0 5 283 -0.0570718
0 5 284 0.212459
0 5 285 0.411678
0 5 286 0.0757407
0 5 287 -0.771916
0 5 288 0.985897
0 5 289 -0.107853
0 5 290 -0.107853
0 5 291 0.231991
0 5 292 0.755428
0 5 293 0.169491
0 5 294 0.0288657
0 5 295 -0.287541
0 5 296 -0.939884
0 5 297 0.0757407
0 5 298 -0.818791
0 5 299 0.907772
0 5 300 -0.865666
0 5 301 1.04449
0 5 302 -0.701603
0 5 303 0.923397
0 5 304 0.251522
0 5 305 -0.193791
0 5 306 0.329647
0 5 307 0.337459
0 5 308 -0.623478
0 5 309 0.583553
0 5 310 0.134334
0 5 311 0.267147
0 5 312 -0.115666
0 5 313 2.58746
0 5 314 0.837459
0 5 315 -0.615666
0 5 316 -1.36567
0 5 317 1.6109
0 5 318 1.00152
0 5 319 -1.74457
0 5 320 1.27887
0 5 321 0.567928
0 5 322 0.106991
0 5 323 -0.244572
0 5 324 0.310116
0 5 325 -1.06488
0 5 326 -0.545353
0 5 327 -1.61176
0 5 328 -1.18207
0 5 329 0.302303
0 5 330 0.286678
0 5 331 -1.27973
0 5 332 0.00152192
0 5 333 -0.846134
0 5 334 0.384334
0 5 335 -0.810978
0 5 336 0.0366782
0 5 337 1.46637
0 5 338 -0.0844156
0 5 339 0.759334
0 5 340 1.53277
0 5 341 -0.635197
0 5 342 -0.787541
0 5 343 1.71246
0 5 344 -0.0883218
0 5 345 -0.912541
0 5 346 0.208553
0 5 347 -0.846134
0 5 348 -0.822697
0 5 349 0.376522
0 5 350 -1.85004
0 5 351 -0.0492593
0 5 352 -0.982853
0 5 353 1.0523
0 5 354 -1.91645
0 5 355 0.552303
0 5 356 0.0366782
0 5 357 -1.40082
0 5 358 -0.307072
0 5 359 -0.506291
0 5 360 0.267147
0 5 361 0.970272
0 5 362 -0.896916
0 5 363 -2.49067
0 5 364 0.306209
0 5 365 -0.0844156
0 5 366 0.239803
0 5 367 -0.111759
0 5 368 -1.36176
0 5 369 1.43902
0 5 370 -1.79145
0 5 371 0.114803
0 5 372 -0.256291
0 5 373 -1.74457
0 5 374 0.474178
0 5 375 0.161678
0 5 376 -0.611759
0 5 377 0.489803
0 5 378 -1.22113
0 5 379 0.157772
0 5 380 -1.24457
0 5 381 0.282772
0 5 382 0.142147
0 5 383 -1.52582
0 5 384 0.794491
0 5 385 0.376522
0 5 386 -0.533634
0 5 387 -0.795353
0 5 388 0.00152192
0 5 389 0.427303
0 5 390 -0.361759
0 5 391 -0.174259
0 5 392 0.263241
0 5 393 0.747616
0 5 394 -0.182072
0 5 395 1.10699
0 5 396 -0.221134
0 5 397 -0.314884
0 5 398 -0.576603
0 5 399 1.0523
0 5 400 -0.178166
0 5 401 -0.178166
0 5 402 -0.916447
0 5 403 -1.03754
0 5 404 0.567928
0 5 405 1.08746
0 5 406 -1.35004
0 5 407 -0.271916
0 5 408 2.57574
0 5 409 -0.185978
0 5 410 0.122616
0 5 411 0.00933442
0 5 412 0.298397
0 5 413 -1.14692
0 5 414 -1.12348
0 5 415 -0.744572
0 5 416 -0.588322
0 5 417 0.423397
0 5 418 -0.998478
0 5 419 -0.260197
0 5 420 0.388241
0 5 421 -0.131291
0 5 422 -0.209416
0 5 423 -0.314884
0 5 424 -0.959416
0 5 425 1.09137
0 5 426 0.0757407
0 5 427 -0.533634
0 5 428 -0.146916
0 5 429 1.25933
0 5 430 1.43902
0 5 431 0.919491
0 5 432 0.294491
0 5 433 0.974178
0 5 434 -0.143009
0 5 435 -1.06488
0 5 436 0.505428
0 5 437 -1.19379
0 5 438 0.243709
0 5 439 0.134334
0 5 440 0.00933442
0 5 441 1.09137
0 5 442 -0.346134
0 5 443 0.353084
0 5 444 -0.904728
0 5 445 -0.537541
0 5 446 -0.193791
0 5 447 0.974178
0 5 448 -0.0336343
0 5 449 -0.0687906
0 5 450 0.794491
0 5 451 0.0132407
0 5 452 -0.639103
0 5 453 -1.06098
0 5 454 -0.299259
0 5 455 -0.299259
0 5 456 -0.115666
0 5 457 0.259334
0 5 458 -0.236759
0 5 459 0.380428
0 5 460 -0.939884
0 5 461 -0.236759
0 5 462 1.3648
0 5 463 0.978084
0 5 464 -0.0414468
0 5 465 1.18512
0 5 466 1.02887
0 5 467 -0.275822
0 5 468 0.981991
0 5 469 -1.05317
0 5 470 -0.557072
0 5 471 0.122616
0 5 472 -0.268009
0 5 473 0.216366
0 5 474 0.587459
0 5 475 0.118709
0 5 476 0.274959
0 5 477 -0.0101968
0 5 478 0.708553
0 5 479 1.15387
0 5 480 -0.756291
0 5 481 0.548397
0 5 482 1.10699
0 5 483 0.0601157
0 5 484 -0.0336343
0 5 485 0.778866
0 5 486 -0.787541
0 5 487 1.82574
0 5 488 1.84137
0 5 489 0.669491
0 5 490 -0.740666
0 5 491 -0.424259
0 5 492 -0.787541
0 5 493 0.841366
0 5 494 -0.143009
0 5 495 0.763241
0 5 496 0.423397
0 5 497 -0.592228
0 5 498 -0.580509
0 5 499 0.372616
0 5 500 2.22418
0 5 501 0.231991
0 5 502 0.224178
0 5 503 -0.205509
0 5 504 -0.162541
0 5 505 0.911678
0 5 506 -0.127384
0 5 507 0.329647
0 5 508 0.884334
0 5 509 -0.994572
0 5 510 1.00152
0 5 511 1.12262
