0 15 0 -1.84314
0 15 1 -1.39392
0 15 2 -0.60486
0 15 3 2.08264
0 15 4 0.918577
0 15 5 0.0396713
0 15 6 -0.026735
0 15 7 -1.21814
0 15 8 -1.09314
0 15 9 0.359984
0 15 10 -1.05408
0 15 11 0.246703
0 15 12 -0.991579
0 15 13 -2.81189
0 15 14 -0.581423
0 15 15 1.1178
0 15 16 -1.18298
0 15 17 -0.179079
0 15 18 0.512327
0 15 19 -0.41736
0 15 20 -0.491579
0 15 21 -0.522829
0 15 22 -0.143922
0 15 23 0.934202
0 15 24 -1.31189
0 15 25 -0.495485
0 15 26 0.875609
0 15 27 -0.690798
0 15 28 -0.975954
0 15 29 0.274046
0 15 30 -0.218141
0 15 31 -1.3822
0 15 32 1.83264
0 15 33 2.66076
0 15 34 0.891234
0 15 35 0.313109
0 15 36 -0.874391
0 15 37 0.195921
0 15 38 0.754515
0 15 39 -0.0853287
0 15 40 2.04748
0 15 41 0.391234
0 15 42 3.39123
0 15 43 3.6178
0 15 44 1.59045
0 15 45 -1.63611
0 15 46 3.61389
0 15 47 0.250609
0 15 48 1.84436
0 15 49 0.305296
0 15 50 1.29358
0 15 51 0.996702
0 15 52 2.91467
0 15 53 3.23108
0 15 54 4.35608
0 15 55 4.7428
0 15 56 6.75842
0 15 57 5.53577
0 15 58 9.38342
0 15 59 10.485
0 15 60 9.67248
0 15 61 13.317
0 15 62 10.5983
0 15 63 16.3014
0 15 64 16.2545
0 15 65 16.9186
0 15 66 14.7545
0 15 67 15.1608
0 15 68 13.0006
0 15 69 13.3756
0 15 70 10.6764
0 15 71 10.6022
0 15 72 7.32873
0 15 73 6.78186
0 15 74 4.90686
0 15 75 1.6842
0 15 76 1.73889
0 15 77 -0.147829
0 15 78 1.71936
0 15 79 3.48108
0 15 80 0.309203
0 15 81 1.35608
0 15 82 0.180296
0 15 83 1.1217
0 15 84 1.35998
0 15 85 1.28967
0 15 86 -0.776735
0 15 87 0.219359
0 15 88 -0.155641
0 15 89 -0.94861
0 15 90 0.656859
0 15 91 0.336546
0 15 92 -0.921266
0 15 93 0.352171
0 15 94 0.805296
0 15 95 1.9967
0 15 96 -1.5658
0 15 97 2.47326
0 15 98 -1.42517
0 15 99 1.21936
0 15 100 0.117796
0 15 101 1.06311
0 15 102 -2.37439
0 15 103 0.570921
0 15 104 -3.43689
0 15 105 -2.29236
0 15 106 -0.159547
0 15 107 -0.975954
0 15 108 -2.02283
0 15 109 1.07092
0 15 110 -2.39002
0 15 111 -1.83533
0 15 112 -0.0618912
0 15 113 -3.47595
0 15 114 -0.0618912
0 15 115 -2.14002
0 15 116 0.0709213
0 15 117 0.160765
0 15 118 0.672484
0 15 119 -0.69861
0 15 120 -0.0228287
0 15 121 -0.151735
0 15 122 -0.300172
0 15 123 -0.311891
0 15 124 -2.51502
0 15 125 -1.67517
0 15 126 -0.452516
0 15 127 0.137328
0 15 128 -0.550173
0 15 129 0.359984
0 15 130 -0.72986
0 15 131 0.199828
0 15 132 -1.45252
0 15 133 0.0435775
0 15 134 -1.31189
0 15 135 -0.745485
0 15 136 -2.47986
0 15 137 0.48889
0 15 138 2.1178
0 15 139 1.02795
0 15 140 -1.72986
0 15 141 1.31311
0 15 142 -0.776735
0 15 143 1.32092
0 15 144 0.55139
0 15 145 -0.163454
0 15 146 -0.249391
0 15 147 2.00061
0 15 148 -1.26502
0 15 149 -2.0658
0 15 150 1.27405
0 15 151 -0.194704
0 15 152 1.94202
0 15 153 -0.819704
0 15 154 -0.737673
0 15 155 -1.18298
0 15 156 -0.753298
0 15 157 -0.589235
0 15 158 1.83655
0 15 159 0.641234
0 15 160 -1.80017
0 15 161 -0.163454
0 15 162 0.981077
0 15 163 -0.956423
0 15 164 -1.3783
0 15 165 2.35998
0 15 166 0.00842127
0 15 167 -0.694704
0 15 168 1.11389
0 15 169 0.984984
0 15 170 -1.08533
0 15 171 0.48889
0 15 172 -0.409547
0 15 173 0.567015
0 15 174 1.41077
0 15 175 -1.33923
0 15 176 2.03186
0 15 177 -1.24158
0 15 178 -0.956423
0 15 179 0.656859
0 15 180 0.254515
0 15 181 -0.202516
0 15 182 3.33264
0 15 183 -1.42127
0 15 184 -0.0501725
0 15 185 0.539671
0 15 186 -1.03455
0 15 187 -2.62439
0 15 188 -1.17517
0 15 189 0.449828
0 15 190 -0.597048
0 15 191 0.172484
0 15 192 -0.26111
0 15 193 -2.51892
0 15 194 1.01623
0 15 195 0.543577
0 15 196 1.26623
0 15 197 0.652952
0 15 198 -0.507204
0 15 199 1.23498
0 15 200 -0.112672
0 15 201 0.609984
0 15 202 0.922484
0 15 203 0.879515
0 15 204 -0.655641
0 15 205 -2.01502
0 15 206 0.129515
0 15 207 0.602171
0 15 208 -0.890016
0 15 209 -0.550173
0 15 210 0.33264
0 15 211 -1.67517
0 15 212 -0.569704
0 15 213 -0.643923
0 15 214 -0.460329
0 15 215 -1.53064
0 15 216 0.774046
0 15 217 -0.100954
0 15 218 0.637327
0 15 219 1.94592
0 15 220 0.89514
0 15 221 -0.608766
0 15 222 -1.28455
0 15 223 1.37561
0 15 224 0.0474838
0 15 225 0.504515
0 15 226 1.09436
0 15 227 -0.57361
0 15 228 -0.315797
0 15 229 2.89905
0 15 230 0.45764
0 15 231 1.13342
0 15 232 -0.0345475
0 15 233 1.20373
0 15 234 -0.0540787
0 15 235 -1.40173
0 15 236 0.692015
0 15 237 -1.04627
0 15 238 0.805296
0 15 239 -0.452516
0 15 240 1.3717
0 15 241 1.94592
0 15 242 -0.304079
0 15 243 0.906859
0 15 244 -1.86267
0 15 245 1.79358
0 15 246 -0.843141
0 15 247 -2.19861
0 15 248 -0.401735
0 15 249 -0.296266
0 15 250 1.25061
0 15 251 2.75061
0 15 252 0.906859
0 15 253 1.33655
0 15 254 1.84045
0 15 255 0.777952
0 15 256 0.445921
0 15 257 0.942015
0 15 258 0.17639
0 15 259 2.27014
0 15 260 1.62952
0 15 261 2.6803
0 15 262 -2.27674
0 15 263 -0.100954
0 15 264 0.961546
0 15 265 1.32092
0 15 266 -0.905641
0 15 267 0.598265
0 15 268 -0.444704
0 15 269 -1.6947
0 15 270 1.7467
0 15 271 0.578734
0 15 272 0.684202
0 15 273 0.289671
0 15 274 1.50452
0 15 275 2.03576
0 15 276 0.0631088
0 15 277 2.78967
0 15 278 3.90295
0 15 279 0.356078
0 15 280 0.570921
0 15 281 3.63733
0 15 282 1.07092
0 15 283 0.723265
0 15 284 1.09436
0 15 285 1.03967
0 15 286 -0.319704
0 15 287 0.250609
0 15 288 2.96545
0 15 289 -1.09705
0 15 290 1.84436
0 15 291 1.39905
0 15 292 -0.671266
0 15 293 1.10217
0 15 294 1.27014
0 15 295 1.56311
0 15 296 -0.890016
0 15 297 1.07092
0 15 298 0.102171
0 15 299 1.75061
0 15 300 1.34045
0 15 301 1.46545
0 15 302 1.65295
0 15 303 1.06311
0 15 304 -0.593141
0 15 305 0.609984
0 15 306 -0.425172
0 15 307 2.14514
0 15 308 -1.40564
0 15 309 0.668577
0 15 310 -2.73767
0 15 311 -0.702516
0 15 312 1.76623
0 15 313 -0.932985
0 15 314 0.383421
0 15 315 0.414671
0 15 316 1.50842
0 15 317 -0.63611
0 15 318 -0.60486
0 15 319 -2.4408
0 15 320 0.02014
0 15 321 -0.393922
0 15 322 1.19202
0 15 323 -0.54236
0 15 324 1.0553
0 15 325 -2.17908
0 15 326 -0.620485
0 15 327 -0.311891
0 15 328 0.742796
0 15 329 -0.702516
0 15 330 1.35998
0 15 331 -0.120485
0 15 332 1.28577
0 15 333 2.01623
0 15 334 0.774046
0 15 335 0.684202
0 15 336 -0.026735
0 15 337 2.02795
0 15 338 -0.772829
0 15 339 -0.60486
0 15 340 2.69592
0 15 341 0.0162338
0 15 342 1.4342
0 15 343 0.391234
0 15 344 -0.647829
0 15 345 0.00451502
0 15 346 0.891234
0 15 347 1.26623
0 15 348 0.531859
0 15 349 -1.57752
0 15 350 -1.14783
0 15 351 0.95764
0 15 352 3.23108
0 15 353 1.50452
0 15 354 -0.60486
0 15 355 0.594359
0 15 356 -0.921266
0 15 357 -0.968141
0 15 358 -0.499391
0 15 359 -1.84314
0 15 360 -1.58533
0 15 361 -0.44861
0 15 362 0.606077
0 15 363 -1.14783
0 15 364 0.391234
0 15 365 -2.64783
0 15 366 1.82092
0 15 367 -0.975954
0 15 368 -0.757204
0 15 369 -1.45252
0 15 370 0.727171
0 15 371 0.688109
0 15 372 1.64905
0 15 373 1.46545
0 15 374 1.40686
0 15 375 -1.49548
0 15 376 0.00842127
0 15 377 -1.90173
0 15 378 1.69202
0 15 379 1.04748
0 15 380 0.344359
0 15 381 0.0435775
0 15 382 0.484984
0 15 383 -1.24548
0 15 384 -0.628298
0 15 385 -0.124391
0 15 386 0.23889
0 15 387 -0.987673
0 15 388 0.266234
0 15 389 -1.38611
0 15 390 -1.27283
0 15 391 0.754515
0 15 392 -0.41736
0 15 393 0.55139
0 15 394 0.359984
0 15 395 0.48889
0 15 396 -1.15955
0 15 397 -0.944704
0 15 398 -3.58924
0 15 399 -1.67127
0 15 400 0.0279525
0 15 401 -0.0697037
0 15 402 -0.686891
0 15 403 -2.22595
0 15 404 0.961546
0 15 405 1.05139
0 15 406 0.531859
0 15 407 -2.40564
0 15 408 -0.19861
0 15 409 -0.413454
0 15 410 0.418578
0 15 411 0.277953
0 15 412 1.38733
0 15 413 -1.70642
0 15 414 -1.17127
0 15 415 -0.647829
0 15 416 -0.88611
0 15 417 -0.382204
0 15 418 -1.07361
0 15 419 -1.5658
0 15 420 -0.870485
0 15 421 0.547484
0 15 422 2.54748
0 15 423 0.750609
0 15 424 -0.0970475
0 15 425 -0.491579
0 15 426 -0.671266
0 15 427 -0.182985
0 15 428 -1.90955
0 15 429 1.3092
0 15 430 -1.03455
0 15 431 -0.143922
0 15 432 0.125609
0 15 433 1.65686
0 15 434 0.387328
0 15 435 0.469359
0 15 436 1.41077
0 15 437 0.336546
0 15 438 1.95764
0 15 439 0.0396713
0 15 440 2.48108
0 15 441 -1.40564
0 15 442 1.37952
0 15 443 -0.257204
0 15 444 -0.128297
0 15 445 1.21545
0 15 446 -0.956423
0 15 447 0.875609
0 15 448 1.25452
0 15 449 0.121703
0 15 450 -1.8197
0 15 451 0.121703
0 15 452 -1.83533
0 15 453 -0.878298
0 15 454 -2.34314
0 15 455 2.85217
0 15 456 -0.393922
0 15 457 -0.874391
0 15 458 -0.483766
0 15 459 0.293578
0 15 460 1.7428
0 15 461 -1.77283
0 15 462 -0.82361
0 15 463 0.953734
0 15 464 0.156859
0 15 465 0.387328
0 15 466 -1.65955
0 15 467 -1.51111
0 15 468 -0.405641
0 15 469 0.684202
0 15 470 -0.757204
0 15 471 -1.04627
0 15 472 0.0943588
0 15 473 1.07873
0 15 474 -2.74549
0 15 475 -0.0462662
0 15 476 0.590452
0 15 477 1.22717
0 15 478 -1.02673
0 15 479 -0.655641
0 15 480 0.492796
0 15 481 -2.71424
0 15 482 -2.48377
0 15 483 -0.0814225
0 15 484 -1.67517
0 15 485 1.33655
0 15 486 1.27795
0 15 487 0.359984
0 15 488 -1.08142
0 15 489 -3.1322
0 15 490 0.0943588
0 15 491 -1.17517
0 15 492 0.73889
0 15 493 -1.82752
0 15 494 1.15686
0 15 495 1.37561
0 15 496 -0.331422
0 15 497 0.750609
0 15 498 -0.999391
0 15 499 -0.249391
0 15 500 0.254515
0 15 501 -1.16736
0 15 502 -2.39002
0 15 503 -0.91736
0 15 504 -0.659548
0 15 505 -0.257204
0 15 506 2.75061
0 15 507 -0.0618912
0 15 508 -0.265016
0 15 509 0.859984
0 15 510 -0.151735
0 15 511 -0.47986
