0 18 0 -0.846997
0 18 1 0.430347
0 18 2 2.23894
0 18 3 -0.503247
0 18 4 -0.0462155
0 18 5 2.54363
0 18 6 -0.069653
0 18 7 -1.58918
0 18 8 2.09441
0 18 9 -0.0110593
0 18 10 0.766285
0 18 11 0.965503
0 18 12 0.789722
0 18 13 0.672535
0 18 14 0.914722
0 18 15 -0.956372
0 18 16 0.746753
0 18 17 1.01628
0 18 18 1.09441
0 18 19 1.50847
0 18 20 1.82878
0 18 21 -0.452466
0 18 22 2.00066
0 18 23 1.653
0 18 24 0.602222
0 18 25 2.11394
0 18 26 -0.444653
0 18 27 -1.24543
0 18 28 1.50847
0 18 29 -0.0657468
0 18 30 -1.31965
0 18 31 -1.347
0 18 32 1.2155
0 18 33 -1.1009
0 18 34 -1.17512
0 18 35 0.293628
0 18 36 0.356128
0 18 37 1.15691
0 18 38 2.76628
0 18 39 0.879566
0 18 40 0.039722
0 18 41 0.981128
0 18 42 -1.89387
0 18 43 -1.96809
0 18 44 0.000659497
0 18 45 0.62566
0 18 46 -2.87434
0 18 47 -1.12043
0 18 48 -1.96418
0 18 49 -0.440747
0 18 50 -0.444653
0 18 51 -0.698559
0 18 52 1.59832
0 18 53 2.93035
0 18 54 0.891285
0 18 55 -1.87043
0 18 56 -1.04231
0 18 57 -0.038403
0 18 58 0.766285
0 18 59 -0.81184
0 18 60 0.828785
0 18 61 -1.23372
0 18 62 0.797535
0 18 63 1.25847
0 18 64 0.949878
0 18 65 -0.132153
0 18 66 2.19207
0 18 67 0.0280032
0 18 68 -0.714184
0 18 69 -0.288403
0 18 70 -1.27278
0 18 71 1.75847
0 18 72 -0.311841
0 18 73 1.26628
0 18 74 0.297534
0 18 75 -1.99543
0 18 76 0.00456575
0 18 77 -0.663403
0 18 78 0.684253
0 18 79 0.184253
0 18 80 1.05144
0 18 81 0.207691
0 18 82 0.879566
0 18 83 1.99675
0 18 84 0.871753
0 18 85 2.04753
0 18 86 2.98503
0 18 87 -0.495434
0 18 88 -0.190747
0 18 89 -1.5384
0 18 90 -0.225903
0 18 91 0.238941
0 18 92 -0.202466
0 18 93 0.242847
0 18 94 0.215503
0 18 95 0.406909
0 18 96 0.535816
0 18 97 0.262378
0 18 98 1.98894
0 18 99 -1.44856
0 18 100 1.44597
0 18 101 -0.784497
0 18 102 1.40691
0 18 103 -0.901684
0 18 104 -2.56184
0 18 105 1.41472
0 18 106 -1.5345
0 18 107 -0.460278
0 18 108 -0.100903
0 18 109 1.67253
0 18 110 -0.139966
0 18 111 -0.378247
0 18 112 2.45378
0 18 113 1.94988
0 18 114 -0.925122
0 18 115 0.637378
0 18 116 0.418628
0 18 117 1.81707
0 18 118 0.528003
0 18 119 0.93816
0 18 120 -1.62043
0 18 121 1.37566
0 18 122 2.13347
0 18 123 0.0631595
0 18 124 -2.64387
0 18 125 -0.323559
0 18 126 1.12957
0 18 127 -0.499341
0 18 128 -0.194653
0 18 129 2.9616
0 18 130 -2.97981
0 18 131 -0.753247
0 18 132 1.45378
0 18 133 1.09832
0 18 134 1.31707
0 18 135 -2.00715
0 18 136 2.46941
0 18 137 0.934253
0 18 138 1.87566
0 18 139 1.07878
0 18 140 0.735035
0 18 141 0.289722
0 18 142 1.79363
0 18 143 -1.44465
0 18 144 -1.07356
0 18 145 1.92253
0 18 146 -0.862622
0 18 147 1.07488
0 18 148 -0.257153
0 18 149 -1.06575
0 18 150 0.231128
0 18 151 -1.79622
0 18 152 0.289722
0 18 153 1.27019
0 18 154 -0.280591
0 18 155 -0.745434
0 18 156 1.528
0 18 157 0.457691
0 18 158 -0.995434
0 18 159 -2.54231
0 18 160 1.44207
0 18 161 -0.100903
0 18 162 0.586597
0 18 163 -0.53059
0 18 164 3.28191
0 18 165 0.504566
0 18 166 0.172534
0 18 167 -1.41731
0 18 168 -0.432934
0 18 169 2.03972
0 18 170 2.22722
0 18 171 2.41863
0 18 172 0.254566
0 18 173 0.367847
0 18 174 -0.237622
0 18 175 1.39128
0 18 176 -1.31965
0 18 177 2.22722
0 18 178 2.93035
0 18 179 1.14128
0 18 180 -1.84309
0 18 181 1.57097
0 18 182 -1.51106
0 18 183 -0.503247
0 18 184 0.65691
0 18 185 -0.991528
0 18 186 2.0866
0 18 187 -0.225903
0 18 188 1.12175
0 18 189 -2.33528
0 18 190 1.00847
0 18 191 1.18816
0 18 192 -0.335278
0 18 193 -1.5345
0 18 194 1.22722
0 18 195 1.153
0 18 196 -0.335278
0 18 197 1.16472
0 18 198 1.62566
0 18 199 1.58269
0 18 200 -0.288403
0 18 201 1.00847
0 18 202 2.12957
0 18 203 -0.846997
0 18 204 2.23503
0 18 205 1.88347
0 18 206 1.98113
0 18 207 2.62175
0 18 208 1.44207
0 18 209 4.30925
0 18 210 6.29753
0 18 211 6.83269
0 18 212 8.86785
0 18 213 8.60613
0 18 214 9.32878
0 18 215 10.5358
0 18 216 13.4928
0 18 217 10.1491
0 18 218 13.3171
0 18 219 18.2272
0 18 220 15.2585
0 18 221 14.2702
0 18 222 12.6921
0 18 223 12.9616
0 18 224 10.5788
0 18 225 10.0553
0 18 226 8.42644
0 18 227 4.31707
0 18 228 4.19988
0 18 229 3.99285
0 18 230 4.03582
0 18 231 1.78582
0 18 232 2.94988
0 18 233 4.25457
0 18 234 0.664722
0 18 235 1.28191
0 18 236 0.871753
0 18 237 0.207691
0 18 238 1.25066
0 18 239 -0.0501218
0 18 240 -1.47981
0 18 241 -0.296216
0 18 242 -1.33137
0 18 243 0.977222
0 18 244 0.0670657
0 18 245 1.94988
0 18 246 0.262378
0 18 247 0.766285
0 18 248 -2.00715
0 18 249 1.39519
0 18 250 1.00457
0 18 251 -1.78059
0 18 252 1.31316
0 18 253 0.223316
0 18 254 0.68816
0 18 255 -0.0969968
0 18 256 -0.612622
0 18 257 1.13347
0 18 258 0.723316
0 18 259 2.98894
0 18 260 2.15691
0 18 261 -1.37825
0 18 262 0.188159
0 18 263 -1.06575
0 18 264 0.070972
0 18 265 3.18425
0 18 266 -0.038403
0 18 267 -1.90168
0 18 268 -2.65559
0 18 269 -2.1634
0 18 270 -0.710278
0 18 271 -1.58137
0 18 272 0.106128
0 18 273 0.610035
0 18 274 -0.99934
0 18 275 -0.468091
0 18 276 0.289722
0 18 277 0.649097
0 18 278 0.250659
0 18 279 -0.503247
0 18 280 1.50066
0 18 281 1.92644
0 18 282 0.258472
0 18 283 -0.284497
0 18 284 -0.600903
0 18 285 -1.48762
0 18 286 -1.82747
0 18 287 -0.182934
0 18 288 -0.604809
0 18 289 1.39128
0 18 290 -0.393872
0 18 291 0.324878
0 18 292 -2.31575
0 18 293 -1.0384
0 18 294 0.508472
0 18 295 0.231128
0 18 296 -0.132153
0 18 297 0.621753
0 18 298 -0.823559
0 18 299 -0.554028
0 18 300 0.860035
0 18 301 -0.311841
0 18 302 -1.76497
0 18 303 0.293628
0 18 304 -0.425122
0 18 305 2.31707
0 18 306 0.227222
0 18 307 -0.214184
0 18 308 1.87175
0 18 309 0.539722
0 18 310 2.17253
0 18 311 -0.167309
0 18 312 -0.526684
0 18 313 0.164722
0 18 314 0.766285
0 18 315 -2.30403
0 18 316 0.508472
0 18 317 -0.116528
0 18 318 0.328784
0 18 319 -0.929028
0 18 320 2.45769
0 18 321 -0.608715
0 18 322 -0.276684
0 18 323 -1.19075
0 18 324 1.35613
0 18 325 1.51628
0 18 326 -1.78059
0 18 327 0.50066
0 18 328 -1.6009
0 18 329 -0.929028
0 18 330 0.758472
0 18 331 -0.815747
0 18 332 -0.721997
0 18 333 2.25847
0 18 334 0.973316
0 18 335 1.30144
0 18 336 1.18425
0 18 337 -0.464184
0 18 338 1.44988
0 18 339 -0.573559
0 18 340 1.02019
0 18 341 -1.42903
0 18 342 -2.76497
0 18 343 0.715503
0 18 344 0.332691
0 18 345 1.70378
0 18 346 -1.1009
0 18 347 -0.354809
0 18 348 -0.835278
0 18 349 -1.52278
0 18 350 0.301441
0 18 351 0.180347
0 18 352 -2.08137
0 18 353 1.31707
0 18 354 1.37175
0 18 355 -2.08918
0 18 356 -1.89778
0 18 357 -1.26106
0 18 358 -0.819653
0 18 359 -0.456372
0 18 360 3.00847
0 18 361 1.04753
0 18 362 0.418628
0 18 363 1.2116
0 18 364 -0.499341
0 18 365 1.19597
0 18 366 -2.23372
0 18 367 0.613941
0 18 368 1.97722
0 18 369 0.738941
0 18 370 0.973316
0 18 371 1.38738
0 18 372 0.856128
0 18 373 1.78582
0 18 374 0.840503
0 18 375 -0.733715
0 18 376 -1.597
0 18 377 0.664722
0 18 378 -0.921215
0 18 379 2.46941
0 18 380 -0.268872
0 18 381 -0.636059
0 18 382 0.426441
0 18 383 0.797535
0 18 384 -1.31184
0 18 385 -0.850903
0 18 386 0.770191
0 18 387 -1.74543
0 18 388 -1.06184
0 18 389 1.05144
0 18 390 2.06707
0 18 391 0.289722
0 18 392 -0.429028
0 18 393 0.395191
0 18 394 -0.866528
0 18 395 -1.09309
0 18 396 0.992847
0 18 397 -3.51497
0 18 398 1.92644
0 18 399 1.07878
0 18 400 1.59832
0 18 401 0.438159
0 18 402 -0.761059
0 18 403 0.371753
0 18 404 2.14128
0 18 405 -1.44075
0 18 406 0.0983157
0 18 407 0.180347
0 18 408 -1.87434
0 18 409 0.988941
0 18 410 -0.764965
0 18 411 1.05925
0 18 412 0.207691
0 18 413 1.84832
0 18 414 1.34832
0 18 415 0.0123782
0 18 416 0.746753
0 18 417 -0.436841
0 18 418 -0.296216
0 18 419 -0.335278
0 18 420 0.477222
0 18 421 1.66082
0 18 422 1.2741
0 18 423 1.30925
0 18 424 -1.62825
0 18 425 -0.983715
0 18 426 0.508472
0 18 427 -0.878247
0 18 428 -0.378247
0 18 429 0.024097
0 18 430 0.832691
0 18 431 2.21941
0 18 432 -0.366528
0 18 433 1.3991
0 18 434 1.32097
0 18 435 0.070972
0 18 436 1.15691
0 18 437 1.63347
0 18 438 2.13738
0 18 439 2.778
0 18 440 3.86785
0 18 441 -0.929028
0 18 442 1.44597
0 18 443 0.453784
0 18 444 -0.440747
0 18 445 -0.827465
0 18 446 -0.038403
0 18 447 0.68816
0 18 448 0.649097
0 18 449 -1.08137
0 18 450 -1.04622
0 18 451 -0.378247
0 18 452 -0.335278
0 18 453 -0.796215
0 18 454 0.149097
0 18 455 0.817066
0 18 456 -1.96809
0 18 457 -0.218091
0 18 458 -1.13606
0 18 459 -0.729809
0 18 460 0.250659
0 18 461 -0.007153
0 18 462 -1.37043
0 18 463 1.30144
0 18 464 -2.45637
0 18 465 -1.6595
0 18 466 3.09441
0 18 467 0.231128
0 18 468 -0.288403
0 18 469 -0.440747
0 18 470 -0.343091
0 18 471 0.121753
0 18 472 2.07097
0 18 473 -1.57747
0 18 474 2.62175
0 18 475 3.67253
0 18 476 -0.608715
0 18 477 -0.831372
0 18 478 -0.628247
0 18 479 1.04753
0 18 480 -0.0149655
0 18 481 0.555347
0 18 482 1.2155
0 18 483 0.129566
0 18 484 0.176441
0 18 485 0.367847
0 18 486 -0.432934
0 18 487 2.10613
0 18 488 0.731128
0 18 489 -0.557934
0 18 490 1.15691
0 18 491 -1.95247
0 18 492 -1.62825
0 18 493 -1.58918
0 18 494 0.235034
0 18 495 -1.65168
0 18 496 1.34832
0 18 497 -0.764965
0 18 498 1.12957
0 18 499 3.11003
0 18 500 0.973316
0 18 501 1.68425
0 18 502 0.153003
0 18 503 0.453784
0 18 504 0.930347
0 18 505 1.39519
0 18 506 0.473316
0 18 507 -0.796215
0 18 508 -0.163403
0 18 509 0.285816
0 18 510 0.508472
0 18 511 1.37957
