0 22 0 -0.763393
0 22 1 -0.154018
0 22 2 -0.41183
0 22 3 0.197545
0 22 4 2.33817
0 22 5 -4.03683
0 22 6 -0.654018
0 22 7 0.267857
0 22 8 1.63504
0 22 9 -1.16183
0 22 10 1.45536
0 22 11 -1.42746
0 22 12 -0.50558
0 22 13 0.55692
0 22 14 -1.78683
0 22 15 1.20536
0 22 16 -0.59933
0 22 17 -0.388393
0 22 18 0.0100446
0 22 19 -2.33371
0 22 20 0.174107
0 22 21 -2.23996
0 22 22 -0.396205
0 22 23 1.46317
0 22 24 3.10379
0 22 25 0.220982
0 22 26 0.924107
0 22 27 -2.20871
0 22 28 -1.23214
0 22 29 -3.08371
0 22 30 0.99442
0 22 31 -0.0290179
0 22 32 1.11942
0 22 33 1.72879
0 22 34 -1.56808
0 22 35 -1.39621
0 22 36 -3.04464
0 22 37 0.760045
0 22 38 -1.09152
0 22 39 1.31473
0 22 40 0.46317
0 22 41 0.510045
0 22 42 -2.09152
0 22 43 1.35379
0 22 44 -2.90402
0 22 45 -0.958705
0 22 46 0.43192
0 22 47 -0.732143
0 22 48 -0.0837054
0 22 49 2.46317
0 22 50 0.635045
0 22 51 1.53348
0 22 52 -0.216518
0 22 53 0.783482
0 22 54 1.60379
0 22 55 1.17411
0 22 56 0.0412946
0 22 57 0.0334821
0 22 58 1.68973
0 22 59 0.892857
0 22 60 3.95536
0 22 61 -2.41183
0 22 62 1.45536
0 22 63 -0.325893
0 22 64 -1.01339
0 22 65 1.46317
0 22 66 -3.06808
0 22 67 1.72879
0 22 68 -2.48214
0 22 69 4.41629
0 22 70 -3.62277
0 22 71 3.00223
0 22 72 0.55692
0 22 73 -1.59152
0 22 74 0.174107
0 22 75 2.53348
0 22 76 0.61942
0 22 77 -1.67746
0 22 78 2.18973
0 22 79 -0.404018
0 22 80 -0.263393
0 22 81 -1.85714
0 22 82 0.416295
0 22 83 0.197545
0 22 84 -0.708705
0 22 85 1.59598
0 22 86 -0.16183
0 22 87 3.45536
0 22 88 1.84598
0 22 89 0.720982
0 22 90 0.0647321
0 22 91 3.36942
0 22 92 0.103795
0 22 93 -0.435268
0 22 94 -0.88058
0 22 95 -3.43527
0 22 96 0.627232
0 22 97 1.75223
0 22 98 4.27567
0 22 99 1.11161
0 22 100 2.92411
0 22 101 -0.0602679
0 22 102 0.603795
0 22 103 1.43973
0 22 104 -2.18527
0 22 105 0.611607
0 22 106 0.0647321
0 22 107 0.40067
0 22 108 -2.84933
0 22 109 -2.13058
0 22 110 -1.04464
0 22 111 -2.11496
0 22 112 0.408482
0 22 113 2.08817
0 22 114 0.11942
0 22 115 2.64286
0 22 116 -0.19308
0 22 117 -0.708705
0 22 118 -3.31808
0 22 119 -2.34933
0 22 120 1.85379
0 22 121 0.15067
0 22 122 -0.513393
0 22 123 1.02567
0 22 124 -0.13058
0 22 125 0.455357
0 22 126 0.783482
0 22 127 -0.107143
0 22 128 -2.25558
0 22 129 -2.41183
0 22 130 0.924107
0 22 131 -0.31808
0 22 132 -1.23214
0 22 133 3.60379
0 22 134 -2.78683
0 22 135 -1.81027
0 22 136 2.01786
0 22 137 -0.177455
0 22 138 -1.95089
0 22 139 0.0959821
0 22 140 -0.904018
0 22 141 0.11942
0 22 142 1.38504
0 22 143 -0.310268
0 22 144 -1.93527
0 22 145 0.408482
0 22 146 -2.86496
0 22 147 -0.466518
0 22 148 2.94754
0 22 149 2.65067
0 22 150 -1.74777
0 22 151 -1.19308
0 22 152 -5.06808
0 22 153 -2.81808
0 22 154 -0.31808
0 22 155 -1.78683
0 22 156 -0.75558
0 22 157 -0.114955
0 22 158 -2.67746
0 22 159 -2.45871
0 22 160 0.90067
0 22 161 -1.01339
0 22 162 -0.404018
0 22 163 -3.46652
0 22 164 1.11161
0 22 165 -1.81027
0 22 166 1.59598
0 22 167 1.61161
0 22 168 -0.247768
0 22 169 -2.38839
0 22 170 -0.232143
0 22 171 1.21317
0 22 172 -1.59152
0 22 173 1.18973
0 22 174 -0.302455
0 22 175 -1.46652
0 22 176 -2.21652
0 22 177 -0.279018
0 22 178 2.70536
0 22 179 3.18973
0 22 180 -2.85714
0 22 181 1.83817
0 22 182 -3.95871
0 22 183 0.0178571
0 22 184 -4.74777
0 22 185 0.0725446
0 22 186 1.07254
0 22 187 -1.38058
0 22 188 -0.794643
0 22 189 4.22879
0 22 190 0.845982
0 22 191 -1.00558
0 22 192 -3.27121
0 22 193 1.43192
0 22 194 2.90067
0 22 195 -2.11496
0 22 196 -0.0602679
0 22 197 -2.91183
0 22 198 1.64286
0 22 199 0.916295
0 22 200 4.15067
0 22 201 1.91629
0 22 202 2.35379
0 22 203 2.12723
0 22 204 -0.872768
0 22 205 2.45536
0 22 206 0.830357
0 22 207 -1.59933
0 22 208 3.51004
0 22 209 -0.614955
0 22 210 0.330357
0 22 211 0.580357
0 22 212 -3.56027
0 22 213 0.90067
0 22 214 -1.48214
0 22 215 2.11161
0 22 216 2.24442
0 22 217 -1.27121
0 22 218 1.29129
0 22 219 -0.716518
0 22 220 0.0803571
0 22 221 -2.48214
0 22 222 0.392857
0 22 223 -1.27121
0 22 224 -1.05246
0 22 225 1.01004
0 22 226 2.01786
0 22 227 -0.482143
0 22 228 -1.29464
0 22 229 2.65067
0 22 230 -0.56808
0 22 231 -0.232143
0 22 232 1.18192
0 22 233 -1.59933
0 22 234 0.46317
0 22 235 -1.62277
0 22 236 -2.50558
0 22 237 -0.739955
0 22 238 0.885045
0 22 239 -0.185268
0 22 240 1.14286
0 22 241 -1.03683
0 22 242 0.103795
0 22 243 -2.10714
0 22 244 0.791295
0 22 245 -2.84152
0 22 246 -4.88058
0 22 247 -1.27902
0 22 248 0.74442
0 22 249 2.48661
0 22 250 -3.10714
0 22 251 -0.864955
0 22 252 -0.138393
0 22 253 -1.99777
0 22 254 2.72879
0 22 255 0.15067
0 22 256 -0.0758929
0 22 257 0.0803571
0 22 258 -2.16183
0 22 259 -2.16183
0 22 260 1.93192
0 22 261 -2.50558
0 22 262 1.76786
0 22 263 0.392857
0 22 264 0.635045
0 22 265 4.21317
0 22 266 3.51786
0 22 267 2.58817
0 22 268 -1.00558
0 22 269 0.228795
0 22 270 0.0100446
0 22 271 1.12723
0 22 272 -1.17746
0 22 273 -2.35714
0 22 274 4.97879
0 22 275 -1.72433
0 22 276 0.0647321
0 22 277 -1.53683
0 22 278 1.63504
0 22 279 -2.06808
0 22 280 -0.146205
0 22 281 1.73661
0 22 282 -2.24777
0 22 283 4.69754
0 22 284 0.392857
0 22 285 0.135045
0 22 286 -2.63058
0 22 287 2.64286
0 22 288 -2.16183
0 22 289 0.86942
0 22 290 -0.22433
0 22 291 1.36942
0 22 292 -0.263393
0 22 293 -0.63058
0 22 294 -2.77902
0 22 295 0.736607
0 22 296 -1.17746
0 22 297 0.58817
0 22 298 -1.51339
0 22 299 -0.56808
0 22 300 0.674107
0 22 301 -1.03683
0 22 302 3.36942
0 22 303 1.53348
0 22 304 -0.34933
0 22 305 -1.63058
0 22 306 -1.19308
0 22 307 3.09598
0 22 308 -2.82589
0 22 309 -1.66964
0 22 310 2.29129
0 22 311 -2.35714
0 22 312 -3.45871
0 22 313 0.0178571
0 22 314 0.830357
0 22 315 3.31473
0 22 316 1.50223
0 22 317 -1.88058
0 22 318 1.42411
0 22 319 -1.46652
0 22 320 -0.247768
0 22 321 0.74442
0 22 322 0.0569196
0 22 323 1.86942
0 22 324 -0.357143
0 22 325 -2.81808
0 22 326 -1.29464
0 22 327 0.142857
0 22 328 1.49442
0 22 329 0.267857
0 22 330 1.78348
0 22 331 0.627232
0 22 332 -0.333705
0 22 333 0.77567
0 22 334 2.59598
0 22 335 -2.54464
0 22 336 -1.21652
0 22 337 -0.732143
0 22 338 1.01004
0 22 339 3.40067
0 22 340 -0.333705
0 22 341 0.924107
0 22 342 2.15067
0 22 343 1.87723
0 22 344 1.83036
0 22 345 -1.46652
0 22 346 0.658482
0 22 347 2.30692
0 22 348 -1.59933
0 22 349 -1.04464
0 22 350 -1.61496
0 22 351 2.70536
0 22 352 1.26786
0 22 353 1.28348
0 22 354 2.15067
0 22 355 0.377232
0 22 356 -3.27902
0 22 357 1.62723
0 22 358 0.30692
0 22 359 -1.91964
0 22 360 3.33036
0 22 361 0.0334821
0 22 362 -0.232143
0 22 363 0.322545
0 22 364 -1.94308
0 22 365 -0.47433
0 22 366 2.01786
0 22 367 3.79129
0 22 368 1.50223
0 22 369 0.36942
0 22 370 -1.19308
0 22 371 0.455357
0 22 372 -2.27121
0 22 373 -2.45871
0 22 374 3.01004
0 22 375 -1.23996
0 22 376 -3.97433
0 22 377 1.71317
0 22 378 -1.87277
0 22 379 -0.66183
0 22 380 2.74442
0 22 381 -1.85714
0 22 382 0.986607
0 22 383 0.127232
0 22 384 -0.364955
0 22 385 -0.0680804
0 22 386 0.533482
0 22 387 -1.42746
0 22 388 0.689732
0 22 389 -2.64621
0 22 390 -0.16183
0 22 391 -0.654018
0 22 392 1.15848
0 22 393 1.63504
0 22 394 2.39286
0 22 395 2.50223
0 22 396 1.11161
0 22 397 0.791295
0 22 398 -1.31808
0 22 399 -1.73214
0 22 400 -0.279018
0 22 401 0.877232
0 22 402 2.57254
0 22 403 2.97098
0 22 404 -1.42746
0 22 405 -0.146205
0 22 406 4.17411
0 22 407 0.99442
0 22 408 0.33817
0 22 409 3.27567
0 22 410 2.52567
0 22 411 3.86942
0 22 412 7.51004
0 22 413 9.1663
0 22 414 10.6663
0 22 415 10.3538
0 22 416 14.9944
0 22 417 12.8304
0 22 418 15.6429
0 22 419 14.0335
0 22 420 12.7366
0 22 421 11.0335
0 22 422 11.9085
0 22 423 9.43973
0 22 424 7.81473
0 22 425 4.08036
0 22 426 9.25223
0 22 427 2.38504
0 22 428 1.67411
0 22 429 2.56473
0 22 430 0.760045
0 22 431 3.89286
0 22 432 2.50223
0 22 433 2.26786
0 22 434 2.42411
0 22 435 1.37723
0 22 436 4.84598
0 22 437 -0.16183
0 22 438 -1.23996
0 22 439 0.767857
0 22 440 0.299107
0 22 441 1.63504
0 22 442 2.66629
0 22 443 0.15067
0 22 444 7.34598
0 22 445 0.478795
0 22 446 -2.68527
0 22 447 -0.28683
0 22 448 -1.17746
0 22 449 -0.81808
0 22 450 -1.13058
0 22 451 1.43192
0 22 452 -0.435268
0 22 453 1.35379
0 22 454 3.00223
0 22 455 3.69754
0 22 456 0.86942
0 22 457 -1.27121
0 22 458 0.416295
0 22 459 1.09598
0 22 460 0.658482
0 22 461 -2.85714
0 22 462 -1.88839
0 22 463 1.08817
0 22 464 1.16629
0 22 465 2.11942
0 22 466 -2.37277
0 22 467 -2.16964
0 22 468 1.04911
0 22 469 -2.44308
0 22 470 -1.21652
0 22 471 -3.62277
0 22 472 -1.56808
0 22 473 0.43192
0 22 474 0.49442
0 22 475 0.861607
0 22 476 -1.48214
0 22 477 1.68973
0 22 478 -3.41964
0 22 479 1.94754
0 22 480 -1.98996
0 22 481 1.30692
0 22 482 -1.74777
0 22 483 -0.841518
0 22 484 -0.497768
0 22 485 0.135045
0 22 486 1.66629
0 22 487 1.18973
0 22 488 2.46317
0 22 489 1.36942
0 22 490 -0.0680804
0 22 491 2.78348
0 22 492 0.21317
0 22 493 -0.771205
0 22 494 0.40067
0 22 495 -1.63839
0 22 496 -0.575893
0 22 497 0.58817
0 22 498 -1.39621
0 22 499 2.01786
0 22 500 4.05692
0 22 501 -0.0758929
0 22 502 -0.927455
0 22 503 2.03348
0 22 504 2.07254
0 22 505 -0.154018
0 22 506 -1.87277
0 22 507 -1.20871
0 22 508 2.28348
0 22 509 -1.31027
0 22 510 3.16629
0 22 511 -1.13058
