0 7 0 0.234121
0 7 1 0.659903
0 7 2 -0.719004
0 7 3 1.32006
0 7 4 -0.351816
0 7 5 0.77709
0 7 6 -1.25025
0 7 7 -0.582285
0 7 8 0.68334
0 7 9 -0.863535
0 7 10 -1.42213
0 7 11 1.60912
0 7 12 -0.44166
0 7 13 0.784903
0 7 14 0.234121
0 7 15 -0.765879
0 7 16 -1.37916
0 7 17 0.265371
0 7 18 0.585684
0 7 19 -0.0236912
0 7 20 -0.219004
0 7 21 -0.0354099
0 7 22 0.655996
0 7 23 1.52709
0 7 24 1.51147
0 7 25 -0.44166
0 7 26 -0.527597
0 7 27 -0.547129
0 7 28 -1.66041
0 7 29 0.128653
0 7 30 -2.08619
0 7 31 -1.5276
0 7 32 -1.0276
0 7 33 0.0622463
0 7 34 1.20287
0 7 35 -0.734629
0 7 36 0.374746
0 7 37 0.359121
0 7 38 -0.570566
0 7 39 0.632559
0 7 40 0.124746
0 7 41 0.12084
0 7 42 -0.484629
0 7 43 0.163809
0 7 44 -0.234629
0 7 45 0.355215
0 7 46 -0.695566
0 7 47 0.323965
0 7 48 -1.30885
0 7 49 -0.582285
0 7 50 -0.371347
0 7 51 0.96459
0 7 52 -0.265879
0 7 53 1.04662
0 7 54 -0.953379
0 7 55 1.5974
0 7 56 -1.32838
0 7 57 0.0700588
0 7 58 -1.30885
0 7 59 -1.18385
0 7 60 2.29272
0 7 61 -0.117441
0 7 62 -1.00807
0 7 63 0.636465
0 7 64 -0.242441
0 7 65 1.08959
0 7 66 -0.172129
0 7 67 0.316153
0 7 68 -0.414316
0 7 69 0.792715
0 7 70 -1.73463
0 7 71 1.10522
0 7 72 -1.00025
0 7 73 1.85912
0 7 74 -0.699472
0 7 75 0.573965
0 7 76 0.198965
0 7 77 0.405996
0 7 78 0.425528
0 7 79 -0.53541
0 7 80 0.0309963
0 7 81 0.921621
0 7 82 0.0778713
0 7 83 0.952871
0 7 84 -1.9026
0 7 85 -0.457285
0 7 86 -0.875254
0 7 87 1.07397
0 7 88 -0.758066
0 7 89 -1.42213
0 7 90 -0.0666599
0 7 91 -0.394785
0 7 92 -0.625254
0 7 93 0.93334
0 7 94 0.855215
0 7 95 0.698965
0 7 96 -0.0861912
0 7 97 2.11303
0 7 98 -0.445566
0 7 99 -0.101816
0 7 100 -0.820566
0 7 101 -0.66041
0 7 102 -0.0666599
0 7 103 0.925528
0 7 104 -0.367441
0 7 105 0.261465
0 7 106 -1.27369
0 7 107 -0.0197849
0 7 108 0.343496
0 7 109 0.991934
0 7 110 -0.551035
0 7 111 0.101309
0 7 112 -0.273691
0 7 113 0.550528
0 7 114 0.452871
0 7 115 -0.183847
0 7 116 -1.61744
0 7 117 0.331778
0 7 118 0.460684
0 7 119 0.702871
0 7 120 1.20678
0 7 121 -0.183847
0 7 122 0.491934
0 7 123 0.124746
0 7 124 0.698965
0 7 125 0.52709
0 7 126 0.734121
0 7 127 -1.469
0 7 128 0.15209
0 7 129 -1.29713
0 7 130 0.605215
0 7 131 0.175528
0 7 132 -0.0315037
0 7 133 0.792715
0 7 134 0.937246
0 7 135 -0.453379
0 7 136 -0.136972
0 7 137 -1.20728
0 7 138 0.784903
0 7 139 1.17943
0 7 140 -0.574472
0 7 141 0.757559
0 7 142 -0.133066
0 7 143 0.491934
0 7 144 -0.0354099
0 7 145 1.14818
0 7 146 -0.12916
0 7 147 -0.226816
0 7 148 0.523184
0 7 149 0.409903
0 7 150 0.675528
0 7 151 1.39428
0 7 152 1.07397
0 7 153 -0.445566
0 7 154 -2.06275
0 7 155 0.827871
0 7 156 -0.453379
0 7 157 -0.133066
0 7 158 -0.308847
0 7 159 1.49584
0 7 160 0.460684
0 7 161 -0.0744724
0 7 162 0.234121
0 7 163 -0.16041
0 7 164 -0.433847
0 7 165 -0.859629
0 7 166 0.0192776
0 7 167 0.0622463
0 7 168 -0.304941
0 7 169 -0.195566
0 7 170 1.83178
0 7 171 1.31225
0 7 172 1.23803
0 7 173 -0.242441
0 7 174 1.68725
0 7 175 1.50365
0 7 176 0.222403
0 7 177 0.18334
0 7 178 1.67553
0 7 179 -2.75025
0 7 180 0.413809
0 7 181 1.30443
0 7 182 1.78881
0 7 183 0.687246
0 7 184 -0.219004
0 7 185 -1.29322
0 7 186 1.48803
0 7 187 -1.01978
0 7 188 0.710684
0 7 189 0.886465
0 7 190 1.87084
0 7 191 -0.957285
0 7 192 -0.238535
0 7 193 0.734121
0 7 194 0.300528
0 7 195 -0.117441
0 7 196 1.07787
0 7 197 0.437246
0 7 198 -0.761972
0 7 199 -0.429941
0 7 200 -0.859629
0 7 201 0.0349026
0 7 202 -1.32057
0 7 203 0.347403
0 7 204 -0.355722
0 7 205 -0.0354099
0 7 206 1.66381
0 7 207 0.605215
0 7 208 -0.207285
0 7 209 -2.01588
0 7 210 -0.0315037
0 7 211 1.45678
0 7 212 -0.758066
0 7 213 0.409903
0 7 214 -0.359629
0 7 215 0.546621
0 7 216 0.988028
0 7 217 0.241934
0 7 218 1.26537
0 7 219 -0.133066
0 7 220 1.2224
0 7 221 -0.484629
0 7 222 -0.183847
0 7 223 0.101309
0 7 224 0.730215
0 7 225 -1.7151
0 7 226 -0.406504
0 7 227 1.10912
0 7 228 -0.207285
0 7 229 -0.351816
0 7 230 0.476309
0 7 231 0.18334
0 7 232 1.33568
0 7 233 0.726309
0 7 234 -0.640879
0 7 235 0.132559
0 7 236 -0.640879
0 7 237 1.35912
0 7 238 -2.03541
0 7 239 1.55053
0 7 240 -0.140879
0 7 241 0.0505276
0 7 242 0.12084
0 7 243 0.24584
0 7 244 -0.465097
0 7 245 -0.390879
0 7 246 -0.0744724
0 7 247 1.43725
0 7 248 -1.61353
0 7 249 -0.832285
0 7 250 0.687246
0 7 251 0.913809
0 7 252 0.198965
0 7 253 0.503653
0 7 254 1.35522
0 7 255 -1.03932
0 7 256 -0.453379
0 7 257 1.08178
0 7 258 0.366934
0 7 259 -0.515879
0 7 260 -0.711191
0 7 261 0.300528
0 7 262 -0.633066
0 7 263 -0.25416
0 7 264 0.15209
0 7 265 -0.527597
0 7 266 -0.984629
0 7 267 -0.883066
0 7 268 0.816153
0 7 269 0.597403
0 7 270 0.0388088
0 7 271 0.101309
0 7 272 -0.613535
0 7 273 0.312246
0 7 274 1.64818
0 7 275 0.0622463
0 7 276 -1.14869
0 7 277 1.19897
0 7 278 0.109121
0 7 279 -0.66041
0 7 280 0.878653
0 7 281 -0.0041599
0 7 282 0.292715
0 7 283 -0.914316
0 7 284 -0.0275974
0 7 285 0.417715
0 7 286 0.202871
0 7 287 -0.965097
0 7 288 0.472403
0 7 289 0.0622463
0 7 290 2.10912
0 7 291 -0.492441
0 7 292 -0.625254
0 7 293 -0.890879
0 7 294 0.437246
0 7 295 0.257559
0 7 296 0.0778713
0 7 297 -0.0900974
0 7 298 1.19506
0 7 299 0.648184
0 7 300 -1.95338
0 7 301 -0.168222
0 7 302 1.73412
0 7 303 -0.0900974
0 7 304 0.878653
0 7 305 0.628653
0 7 306 -0.340097
0 7 307 -0.56666
0 7 308 0.304434
0 7 309 0.515371
0 7 310 0.382559
0 7 311 -0.0900974
0 7 312 -0.711191
0 7 313 1.14818
0 7 314 0.30834
0 7 315 -0.363535
0 7 316 -0.761972
0 7 317 0.460684
0 7 318 -0.429941
0 7 319 -1.51197
0 7 320 0.984121
0 7 321 -1.72291
0 7 322 -0.328379
0 7 323 -0.22291
0 7 324 0.0231838
0 7 325 1.2224
0 7 326 1.54662
0 7 327 -0.840097
0 7 328 1.156
0 7 329 0.523184
0 7 330 -0.715097
0 7 331 -1.16041
0 7 332 0.972403
0 7 333 0.585684
0 7 334 0.58959
0 7 335 0.62084
0 7 336 -0.273691
0 7 337 1.60131
0 7 338 0.202871
0 7 339 1.39037
0 7 340 2.0349
0 7 341 0.113028
0 7 342 0.632559
0 7 343 -0.0666599
0 7 344 -0.0549412
0 7 345 -1.20338
0 7 346 1.29272
0 7 347 -0.590097
0 7 348 -0.0783787
0 7 349 -0.66041
0 7 350 0.956778
0 7 351 1.06615
0 7 352 0.0153713
0 7 353 -1.3401
0 7 354 -0.117441
0 7 355 1.18725
0 7 356 -0.570566
0 7 357 0.27709
0 7 358 -0.746347
0 7 359 -0.269785
0 7 360 -0.695566
0 7 361 1.62084
0 7 362 0.0466213
0 7 363 -1.11353
0 7 364 -0.695566
0 7 365 -1.26588
0 7 366 -0.457285
0 7 367 0.390371
0 7 368 -1.37525
0 7 369 1.06615
0 7 370 -1.35963
0 7 371 -0.176035
0 7 372 -0.172129
0 7 373 -0.761972
0 7 374 -0.422129
0 7 375 -0.875254
0 7 376 0.238028
0 7 377 -0.340097
0 7 378 -0.109629
0 7 379 0.663809
0 7 380 0.253653
0 7 381 -0.465097
0 7 382 0.530996
0 7 383 -0.0236912
0 7 384 -0.152597
0 7 385 0.320059
0 7 386 1.32397
0 7 387 -1.05885
0 7 388 0.0622463
0 7 389 -0.636972
0 7 390 -2.08619
0 7 391 0.304434
0 7 392 1.80053
0 7 393 1.56615
0 7 394 -1.41041
0 7 395 -0.484629
0 7 396 -0.31666
0 7 397 -0.656504
0 7 398 -1.51588
0 7 399 0.655996
0 7 400 -1.23853
0 7 401 0.210684
0 7 402 0.238028
0 7 403 -0.625254
0 7 404 -0.265879
0 7 405 0.409903
0 7 406 -0.644785
0 7 407 0.878653
0 7 408 -0.0119724
0 7 409 1.4685
0 7 410 -1.4065
0 7 411 -0.258066
0 7 412 0.0466213
0 7 413 0.398184
0 7 414 -0.0744724
0 7 415 0.80834
0 7 416 0.702871
0 7 417 -0.457285
0 7 418 0.421621
0 7 419 0.542715
0 7 420 0.0114651
0 7 421 -0.406504
0 7 422 -0.965097
0 7 423 0.812246
0 7 424 -0.0393162
0 7 425 0.116934
0 7 426 -0.449472
0 7 427 0.0778713
0 7 428 0.96459
0 7 429 -0.476816
0 7 430 0.679434
0 7 431 1.16772
0 7 432 0.878653
0 7 433 0.972403
0 7 434 0.909903
0 7 435 0.00755885
0 7 436 1.31225
0 7 437 0.351309
0 7 438 1.43725
0 7 439 0.0856838
0 7 440 1.66381
0 7 441 0.46459
0 7 442 -0.0197849
0 7 443 1.1599
0 7 444 1.61693
0 7 445 1.31615
0 7 446 1.61303
0 7 447 3.55053
0 7 448 3.37084
0 7 449 1.22631
0 7 450 0.33959
0 7 451 1.50756
0 7 452 0.937246
0 7 453 0.999746
0 7 454 -0.363535
0 7 455 2.58568
0 7 456 2.48412
0 7 457 0.331778
0 7 458 1.48412
0 7 459 0.378653
0 7 460 1.23022
0 7 461 2.02709
0 7 462 3.07006
0 7 463 3.85522
0 7 464 2.93334
0 7 465 4.80443
0 7 466 7.156
0 7 467 7.44897
0 7 468 10.5466
0 7 469 13.3552
0 7 470 14.2419
0 7 471 17.3669
0 7 472 22.7458
0 7 473 24.4294
0 7 474 27.4919
0 7 475 29.6013
0 7 476 27.8865
0 7 477 28.4607
0 7 478 27.074
0 7 479 26.0701
0 7 480 23.2615
0 7 481 22.6912
0 7 482 22.781
0 7 483 21.3044
0 7 484 18.6755
0 7 485 16.0935
0 7 486 10.8826
0 7 487 8.20678
0 7 488 6.77318
0 7 489 4.3435
0 7 490 4.24193
0 7 491 4.23412
0 7 492 3.82006
0 7 493 2.22631
0 7 494 2.82397
0 7 495 1.64428
0 7 496 0.585684
0 7 497 1.06615
0 7 498 1.9099
0 7 499 0.581778
0 7 500 -0.199472
0 7 501 0.320059
0 7 502 1.81615
0 7 503 -0.359629
0 7 504 0.823965
0 7 505 -1.91041
0 7 506 0.241934
0 7 507 -0.515879
0 7 508 0.175528
0 7 509 -1.30103
0 7 510 -0.668222
0 7 511 -0.562754
