0 12 0 2.35344
0 12 1 -1.49031
0 12 2 -0.908279
0 12 3 1.92375
0 12 4 -1.75203
0 12 5 -4.75594
0 12 6 -1.69734
0 12 7 -2.52547
0 12 8 -1.64656
0 12 9 -0.845779
0 12 10 1.60735
0 12 11 0.232346
0 12 12 0.900315
0 12 13 -1.88484
0 12 14 -0.529373
0 12 15 -3.14656
0 12 16 0.908127
0 12 17 -2.80281
0 12 18 1.36125
0 12 19 0.0214083
0 12 20 -1.41609
0 12 21 1.07219
0 12 22 2.18156
0 12 23 -0.525467
0 12 24 -0.193435
0 12 25 -1.51375
0 12 26 2.24406
0 12 27 -0.61531
0 12 28 1.06047
0 12 29 0.845627
0 12 30 4.21672
0 12 31 -1.2364
0 12 32 0.97844
0 12 33 -0.627029
0 12 34 -0.974685
0 12 35 -0.642654
0 12 36 1.93156
0 12 37 1.85344
0 12 38 1.27141
0 12 39 0.365158
0 12 40 1.4511
0 12 41 0.177658
0 12 42 -1.19344
0 12 43 -1.99812
0 12 44 1.2011
0 12 45 0.22844
0 12 46 2.6425
0 12 47 0.994065
0 12 48 0.306565
0 12 49 -0.998123
0 12 50 0.611252
0 12 51 0.10344
0 12 52 0.923752
0 12 53 -1.4864
0 12 54 -0.998123
0 12 55 3.31047
0 12 56 -0.236404
0 12 57 -2.55281
0 12 58 -1.52547
0 12 59 1.29094
0 12 60 1.00188
0 12 61 -1.93953
0 12 62 4.70891
0 12 63 1.23625
0 12 64 -1.08015
0 12 65 2.97063
0 12 66 0.50969
0 12 67 -2.2364
0 12 68 0.810471
0 12 69 -1.68172
0 12 70 0.72844
0 12 71 -1.75594
0 12 72 0.306565
0 12 73 -2.1739
0 12 74 -1.20515
0 12 75 -0.77156
0 12 76 -0.24031
0 12 77 -0.693435
0 12 78 0.150315
0 12 79 2.36906
0 12 80 -0.462967
0 12 81 0.701096
0 12 82 -1.95125
0 12 83 -1.03719
0 12 84 1.88469
0 12 85 -1.9825
0 12 86 -0.166092
0 12 87 0.275315
0 12 88 1.74797
0 12 89 1.34172
0 12 90 3.94328
0 12 91 -1.36531
0 12 92 -1.32625
0 12 93 -2.21687
0 12 94 1.29485
0 12 95 0.494065
0 12 96 -0.158279
0 12 97 -1.5489
0 12 98 -0.599685
0 12 99 -1.47469
0 12 100 -0.130935
0 12 101 1.23625
0 12 102 0.595627
0 12 103 -2.11531
0 12 104 1.21672
0 12 105 -0.091873
0 12 106 -1.45125
0 12 107 -1.25203
0 12 108 0.271408
0 12 109 -1.29109
0 12 110 1.63078
0 12 111 -2.4825
0 12 112 -0.326248
0 12 113 0.431565
0 12 114 0.595627
0 12 115 1.90813
0 12 116 1.88078
0 12 117 2.61906
0 12 118 0.470627
0 12 119 2.15031
0 12 120 2.61516
0 12 121 3.62688
0 12 122 1.61906
0 12 123 1.15031
0 12 124 -0.0332792
0 12 125 2.28703
0 12 126 2.70891
0 12 127 0.599533
0 12 128 0.357346
0 12 129 -0.130935
0 12 130 1.95891
0 12 131 1.03703
0 12 132 0.587815
0 12 133 2.03703
0 12 134 1.84953
0 12 135 0.892502
0 12 136 2.62297
0 12 137 3.22453
0 12 138 4.53313
0 12 139 4.20891
0 12 140 8.92766
0 12 141 7.52531
0 12 142 10.0214
0 12 143 10.912
0 12 144 14.7558
0 12 145 14.8105
0 12 146 13.3573
0 12 147 14.4784
0 12 148 16.3144
0 12 149 17.1386
0 12 150 16.7167
0 12 151 16.4394
0 12 152 13.3925
0 12 153 15.3769
0 12 154 12.5605
0 12 155 14.0253
0 12 156 7.56047
0 12 157 5.45891
0 12 158 5.62297
0 12 159 5.66985
0 12 160 3.50188
0 12 161 3.28313
0 12 162 -2.03719
0 12 163 4.24797
0 12 164 3.12688
0 12 165 0.376877
0 12 166 1.9511
0 12 167 -1.90828
0 12 168 2.60735
0 12 169 0.0565645
0 12 170 1.35735
0 12 171 1.42766
0 12 172 1.29875
0 12 173 1.2675
0 12 174 -1.20125
0 12 175 -0.658279
0 12 176 -1.01765
0 12 177 0.927658
0 12 178 0.474533
0 12 179 -0.533279
0 12 180 -0.310623
0 12 181 -1.83797
0 12 182 -3.20515
0 12 183 -0.193435
0 12 184 -1.97078
0 12 185 -3.47859
0 12 186 -0.939529
0 12 187 1.40422
0 12 188 -0.873123
0 12 189 -3.38094
0 12 190 -2.33797
0 12 191 0.455002
0 12 192 3.06438
0 12 193 -1.50984
0 12 194 0.650315
0 12 195 1.18938
0 12 196 -3.01765
0 12 197 -0.127029
0 12 198 1.06047
0 12 199 -0.076248
0 12 200 -2.49812
0 12 201 1.27922
0 12 202 -0.224685
0 12 203 1.75578
0 12 204 1.58781
0 12 205 0.181565
0 12 206 1.14641
0 12 207 -1.24812
0 12 208 2.54875
0 12 209 0.54094
0 12 210 -1.77156
0 12 211 -0.798904
0 12 212 -2.87703
0 12 213 -1.41609
0 12 214 1.08391
0 12 215 1.12688
0 12 216 -1.1075
0 12 217 1.85344
0 12 218 -0.591873
0 12 219 1.38078
0 12 220 -0.892654
0 12 221 -2.40437
0 12 222 2.63469
0 12 223 -2.8575
0 12 224 -2.22078
0 12 225 0.505783
0 12 226 0.837815
0 12 227 1.50969
0 12 228 -0.509842
0 12 229 2.07219
0 12 230 1.55656
0 12 231 0.443283
0 12 232 2.75969
0 12 233 -0.748123
0 12 234 -0.587967
0 12 235 1.35344
0 12 236 -2.12312
0 12 237 0.72844
0 12 238 -0.466873
0 12 239 -1.43562
0 12 240 -1.27937
0 12 241 1.41594
0 12 242 -2.32234
0 12 243 1.24797
0 12 244 2.96281
0 12 245 0.19719
0 12 246 -1.52937
0 12 247 -1.02156
0 12 248 -1.49812
0 12 249 0.439377
0 12 250 -1.13875
0 12 251 1.91594
0 12 252 -0.361404
0 12 253 0.841721
0 12 254 1.66985
0 12 255 1.28703
0 12 256 2.93156
0 12 257 -1.64656
0 12 258 -3.58015
0 12 259 -1.06844
0 12 260 -0.00984172
0 12 261 -2.12312
0 12 262 -0.798904
0 12 263 -0.298904
0 12 264 -1.33406
0 12 265 -0.400467
0 12 266 -2.83015
0 12 267 1.73235
0 12 268 -2.01375
0 12 269 3.81828
0 12 270 0.00187703
0 12 271 -1.64656
0 12 272 -1.05281
0 12 273 0.69719
0 12 274 -0.0684355
0 12 275 -0.689529
0 12 276 0.685471
0 12 277 -1.09187
0 12 278 -2.07625
0 12 279 -2.0489
0 12 280 -0.36531
0 12 281 1.79875
0 12 282 -2.31062
0 12 283 2.77531
0 12 284 2.34172
0 12 285 -0.654373
0 12 286 0.990158
0 12 287 2.81828
0 12 288 -0.693435
0 12 289 1.60735
0 12 290 0.869065
0 12 291 -0.869217
0 12 292 0.376877
0 12 293 0.775315
0 12 294 -1.33015
0 12 295 0.997971
0 12 296 1.64641
0 12 297 0.263596
0 12 298 -0.232498
0 12 299 3.72844
0 12 300 2.60735
0 12 301 -0.162185
0 12 302 0.689377
0 12 303 1.29875
0 12 304 1.78313
0 12 305 -0.27156
0 12 306 1.47063
0 12 307 -0.091873
0 12 308 0.0721895
0 12 309 0.208908
0 12 310 0.580002
0 12 311 2.04485
0 12 312 0.505783
0 12 313 0.619065
0 12 314 -2.59578
0 12 315 -0.787185
0 12 316 1.25969
0 12 317 0.701096
0 12 318 2.00578
0 12 319 0.673752
0 12 320 -0.845779
0 12 321 2.09563
0 12 322 -0.52156
0 12 323 -2.19734
0 12 324 -0.00202922
0 12 325 -0.345779
0 12 326 0.705002
0 12 327 -0.162185
0 12 328 -2.4825
0 12 329 -0.767654
0 12 330 -1.38484
0 12 331 -1.16219
0 12 332 -0.513748
0 12 333 -0.349685
0 12 334 -1.63875
0 12 335 0.337815
0 12 336 0.529221
0 12 337 -0.877029
0 12 338 -0.599685
0 12 339 -1.84187
0 12 340 1.35344
0 12 341 0.212815
0 12 342 -2.00203
0 12 343 1.8925
0 12 344 -2.83015
0 12 345 -2.3614
0 12 346 0.646408
0 12 347 -0.404373
0 12 348 1.74406
0 12 349 -0.732498
0 12 350 -2.50984
0 12 351 -1.24031
0 12 352 0.263596
0 12 353 -0.345779
0 12 354 -0.123123
0 12 355 0.994065
0 12 356 -2.27937
0 12 357 -1.00594
0 12 358 -0.630935
0 12 359 -3.07625
0 12 360 0.349533
0 12 361 -1.32625
0 12 362 2.08
0 12 363 0.154221
0 12 364 1.34953
0 12 365 2.52922
0 12 366 -1.49422
0 12 367 0.783127
0 12 368 -1.20906
0 12 369 -2.96687
0 12 370 -0.263748
0 12 371 -0.20906
0 12 372 2.49797
0 12 373 0.931565
0 12 374 0.767502
0 12 375 0.173752
0 12 376 -0.0176542
0 12 377 0.13469
0 12 378 -1.42
0 12 379 -2.55281
0 12 380 -1.03328
0 12 381 4.49797
0 12 382 -1.00203
0 12 383 -1.34578
0 12 384 -1.75984
0 12 385 -0.11531
0 12 386 -0.197342
0 12 387 0.193283
0 12 388 0.79094
0 12 389 -1.88484
0 12 390 -3.09578
0 12 391 0.517502
0 12 392 -1.00984
0 12 393 -0.173904
0 12 394 0.494065
0 12 395 -0.275467
0 12 396 -0.0410917
0 12 397 2.0175
0 12 398 -0.392654
0 12 399 -0.798904
0 12 400 -1.00984
0 12 401 -2.33797
0 12 402 -2.3614
0 12 403 0.494065
0 12 404 -0.919998
0 12 405 -1.2364
0 12 406 0.216721
0 12 407 1.97063
0 12 408 -0.826248
0 12 409 -0.576248
0 12 410 0.576096
0 12 411 1.55656
0 12 412 -0.955154
0 12 413 -0.0176542
0 12 414 0.318283
0 12 415 -1.11922
0 12 416 -0.169998
0 12 417 -4.49031
0 12 418 -2.99031
0 12 419 -1.07234
0 12 420 0.19719
0 12 421 -1.1075
0 12 422 -0.947342
0 12 423 -1.93172
0 12 424 2.00578
0 12 425 -1.70906
0 12 426 -1.51765
0 12 427 -0.681717
0 12 428 -0.64656
0 12 429 2.00188
0 12 430 -1.59187
0 12 431 -2.45515
0 12 432 -1.3614
0 12 433 -1.38484
0 12 434 -2.18953
0 12 435 0.810471
0 12 436 -2.61531
0 12 437 0.872971
0 12 438 -0.697342
0 12 439 1.455
0 12 440 1.22453
0 12 441 -1.59578
0 12 442 -1.79109
0 12 443 0.693283
0 12 444 -1.28719
0 12 445 -3.87312
0 12 446 0.724533
0 12 447 1.72063
0 12 448 -1.00594
0 12 449 0.810471
0 12 450 -2.95906
0 12 451 0.892502
0 12 452 3.2636
0 12 453 -0.666092
0 12 454 -2.3614
0 12 455 -1.32625
0 12 456 -0.787185
0 12 457 1.40422
0 12 458 0.900315
0 12 459 -0.0176542
0 12 460 -0.904373
0 12 461 1.30656
0 12 462 -0.306717
0 12 463 -1.13875
0 12 464 0.080002
0 12 465 -3.15437
0 12 466 -1.01375
0 12 467 0.232346
0 12 468 1.11516
0 12 469 1.09953
0 12 470 -0.595779
0 12 471 -1.30281
0 12 472 -2.70906
0 12 473 -2.65437
0 12 474 -0.86531
0 12 475 1.34953
0 12 476 3.04485
0 12 477 0.642502
0 12 478 1.16594
0 12 479 1.8925
0 12 480 0.388596
0 12 481 0.724533
0 12 482 0.845627
0 12 483 -0.45906
0 12 484 1.27141
0 12 485 0.376877
0 12 486 -0.138748
0 12 487 -0.572342
0 12 488 0.38469
0 12 489 -3.45125
0 12 490 -1.25203
0 12 491 0.033127
0 12 492 -0.130935
0 12 493 -0.755935
0 12 494 -1.75594
0 12 495 -4.09187
0 12 496 -2.03719
0 12 497 1.73625
0 12 498 -3.0489
0 12 499 -0.502029
0 12 500 -1.27156
0 12 501 -0.14656
0 12 502 0.845627
0 12 503 0.970627
0 12 504 -1.76375
0 12 505 2.38469
0 12 506 1.30656
0 12 507 -2.97469
0 12 508 -1.09578
0 12 509 0.412033
0 12 510 -1.05672
0 12 511 -1.45515
