0 21 0 -1.19151
0 21 1 0.191305
0 21 2 1.14443
0 21 3 2.10537
0 21 4 -1.03135
0 21 5 -1.94541
0 21 6 0.648336
0 21 7 -1.10557
0 21 8 1.55068
0 21 9 3.3124
0 21 10 0.120992
0 21 11 -1.10948
0 21 12 -1.04698
0 21 13 0.222555
0 21 14 1.08193
0 21 15 2.48037
0 21 16 0.937399
0 21 17 1.16787
0 21 18 0.476461
0 21 19 1.05068
0 21 20 -0.144633
0 21 21 -0.328226
0 21 22 -0.0586952
0 21 23 2.2499
0 21 24 0.382711
0 21 25 -1.03916
0 21 26 -1.8751
0 21 27 0.00380479
0 21 28 3.86709
0 21 29 2.3163
0 21 30 -0.0118202
0 21 31 -1.16416
0 21 32 -1.35557
0 21 33 -0.601664
0 21 34 -1.06651
0 21 35 1.13271
0 21 36 0.878805
0 21 37 0.870992
0 21 38 0.191305
0 21 39 2.4413
0 21 40 -0.679789
0 21 41 -0.695414
0 21 42 2.07802
0 21 43 -1.69932
0 21 44 1.64052
0 21 45 -0.41807
0 21 46 -3.91416
0 21 47 -1.30479
0 21 48 0.839742
0 21 49 -1.11338
0 21 50 -1.6876
0 21 51 -2.56651
0 21 52 -2.13682
0 21 53 -0.515726
0 21 54 -2.28526
0 21 55 -3.13291
0 21 56 -0.711039
0 21 57 -1.16026
0 21 58 2.0624
0 21 59 0.304586
0 21 60 1.85927
0 21 61 0.859274
0 21 62 0.710836
0 21 63 0.828024
0 21 64 -0.558695
0 21 65 0.0350548
0 21 66 0.718649
0 21 67 0.929586
0 21 68 0.328024
0 21 69 0.296774
0 21 70 2.90224
0 21 71 -0.359476
0 21 72 -1.02354
0 21 73 3.36318
0 21 74 -0.242289
0 21 75 -0.086039
0 21 76 -0.121195
0 21 77 -3.51573
0 21 78 -0.687601
0 21 79 -1.48448
0 21 80 -0.414164
0 21 81 -0.0313515
0 21 82 0.30068
0 21 83 -0.242289
0 21 84 1.67959
0 21 85 -2.70713
0 21 86 0.632711
0 21 87 4.83584
0 21 88 1.63662
0 21 89 -0.187601
0 21 90 0.773336
0 21 91 -1.07041
0 21 92 1.35146
0 21 93 1.50771
0 21 94 0.554586
0 21 95 -1.45713
0 21 96 0.538961
0 21 97 -1.12901
0 21 98 -0.183695
0 21 99 -0.156351
0 21 100 -1.6876
0 21 101 6.24599
0 21 102 0.61318
0 21 103 1.16396
0 21 104 0.199117
0 21 105 -0.484476
0 21 106 -1.39463
0 21 107 -1.83213
0 21 108 2.44912
0 21 109 -0.070414
0 21 110 2.29287
0 21 111 0.0116173
0 21 112 -0.589945
0 21 113 -0.0626015
0 21 114 -2.19932
0 21 115 0.679586
0 21 116 -2.97666
0 21 117 0.285055
0 21 118 1.20302
0 21 119 -0.714945
0 21 120 1.98427
0 21 121 1.45302
0 21 122 -0.488383
0 21 123 -1.00791
0 21 124 1.37099
0 21 125 0.441305
0 21 126 1.1874
0 21 127 -0.23057
0 21 128 -2.47666
0 21 129 3.48427
0 21 130 0.261617
0 21 131 0.242086
0 21 132 -1.30479
0 21 133 -2.30479
0 21 134 -0.445414
0 21 135 -0.316508
0 21 136 2.83584
0 21 137 -0.531351
0 21 138 1.42568
0 21 139 2.6874
0 21 140 -2.79698
0 21 141 0.83193
0 21 142 1.60927
0 21 143 0.199117
0 21 144 2.63271
0 21 145 0.538961
0 21 146 0.242086
0 21 147 -0.972758
0 21 148 0.761617
0 21 149 1.01162
0 21 150 0.531149
0 21 151 1.96474
0 21 152 1.30459
0 21 153 0.410055
0 21 154 1.30068
0 21 155 -2.97666
0 21 156 0.45693
0 21 157 1.8749
0 21 158 -1.02745
0 21 159 0.421774
0 21 160 2.0624
0 21 161 -2.20713
0 21 162 -0.496195
0 21 163 2.0624
0 21 164 0.199117
0 21 165 -0.421976
0 21 166 -0.0469765
0 21 167 -1.51963
0 21 168 -1.20713
0 21 169 -1.4376
0 21 170 1.40224
0 21 171 0.351461
0 21 172 2.91396
0 21 173 -1.19932
0 21 174 1.35146
0 21 175 -0.269633
0 21 176 0.191305
0 21 177 0.874899
0 21 178 0.538961
0 21 179 -3.6251
0 21 180 0.699117
0 21 181 0.191305
0 21 182 -1.07432
0 21 183 -0.246195
0 21 184 -1.6837
0 21 185 1.09365
0 21 186 -1.95323
0 21 187 2.78505
0 21 188 4.17177
0 21 189 0.80068
0 21 190 1.75771
0 21 191 0.804586
0 21 192 0.210836
0 21 193 1.42959
0 21 194 2.97646
0 21 195 1.03505
0 21 196 -1.34776
0 21 197 3.1249
0 21 198 1.65615
0 21 199 1.57412
0 21 200 -0.941508
0 21 201 0.80068
0 21 202 0.277242
0 21 203 0.781149
0 21 204 -1.50401
0 21 205 1.50771
0 21 206 1.10146
0 21 207 1.30459
0 21 208 -0.914164
0 21 209 3.15224
0 21 210 0.585836
0 21 211 -0.054789
0 21 212 3.41005
0 21 213 -1.16026
0 21 214 0.480367
0 21 215 -0.785258
0 21 216 3.41005
0 21 217 0.0272423
0 21 218 0.691305
0 21 219 -0.234476
0 21 220 2.03505
0 21 221 0.285055
0 21 222 -1.45713
0 21 223 -2.07041
0 21 224 -1.48448
0 21 225 -3.52745
0 21 226 -1.22276
0 21 227 -0.254008
0 21 228 0.281149
0 21 229 -0.656351
0 21 230 3.04287
0 21 231 -1.5587
0 21 232 -1.52745
0 21 233 1.49599
0 21 234 1.23037
0 21 235 0.343649
0 21 236 4.73037
0 21 237 0.374899
0 21 238 0.761617
0 21 239 1.28505
0 21 240 0.906149
0 21 241 0.953024
0 21 242 -0.921976
0 21 243 -1.50401
0 21 244 0.597555
0 21 245 2.57412
0 21 246 0.902242
0 21 247 2.08193
0 21 248 -2.22666
0 21 249 0.960836
0 21 250 1.2538
0 21 251 -0.937601
0 21 252 1.68349
0 21 253 0.61318
0 21 254 2.98427
0 21 255 -1.84776
0 21 256 -0.925883
0 21 257 1.35537
0 21 258 -1.17588
0 21 259 -0.839945
0 21 260 -3.0001
0 21 261 1.69521
0 21 262 1.34365
0 21 263 0.222555
0 21 264 0.95693
0 21 265 -1.3751
0 21 266 0.89443
0 21 267 0.796774
0 21 268 -1.20323
0 21 269 1.23037
0 21 270 1.77724
0 21 271 0.878805
0 21 272 -2.47666
0 21 273 -2.96495
0 21 274 -0.515726
0 21 275 -0.00400771
0 21 276 0.83193
0 21 277 2.60146
0 21 278 3.40224
0 21 279 4.73427
0 21 280 0.210836
0 21 281 3.09365
0 21 282 1.36709
0 21 283 0.753805
0 21 284 3.67959
0 21 285 0.14443
0 21 286 1.59755
0 21 287 1.96084
0 21 288 3.03505
0 21 289 -0.773539
0 21 290 2.49599
0 21 291 1.51552
0 21 292 -1.3087
0 21 293 -0.222758
0 21 294 -0.66807
0 21 295 -1.58213
0 21 296 1.22646
0 21 297 -0.507914
0 21 298 0.765524
0 21 299 2.16005
0 21 300 3.19521
0 21 301 -1.64463
0 21 302 0.281149
0 21 303 1.21865
0 21 304 0.0350548
0 21 305 1.16787
0 21 306 2.4999
0 21 307 0.402242
0 21 308 0.378805
0 21 309 1.94521
0 21 310 2.6288
0 21 311 1.02334
0 21 312 2.03896
0 21 313 0.167867
0 21 314 3.32021
0 21 315 -2.35948
0 21 316 1.04677
0 21 317 -0.492289
0 21 318 0.554586
0 21 319 3.23427
0 21 320 0.433492
0 21 321 2.11318
0 21 322 -0.382914
0 21 323 2.50771
0 21 324 0.429586
0 21 325 0.054586
0 21 326 -0.660258
0 21 327 -0.328226
0 21 328 0.374899
0 21 329 -1.73838
0 21 330 2.24209
0 21 331 -0.648539
0 21 332 -1.05088
0 21 333 -3.73448
0 21 334 -0.296976
0 21 335 1.32802
0 21 336 1.44521
0 21 337 -0.476664
0 21 338 -2.94932
0 21 339 -0.531351
0 21 340 3.0624
0 21 341 -1.59776
0 21 342 1.09365
0 21 343 -1.96885
0 21 344 -0.832133
0 21 345 1.73427
0 21 346 -3.21885
0 21 347 -0.406351
0 21 348 -0.906351
0 21 349 0.757711
0 21 350 -2.03135
0 21 351 1.46474
0 21 352 -1.97666
0 21 353 -0.0743202
0 21 354 0.652242
0 21 355 -2.44541
0 21 356 -0.882914
0 21 357 2.0038
0 21 358 -2.60557
0 21 359 -0.992289
0 21 360 0.433492
0 21 361 1.54677
0 21 362 -0.457133
0 21 363 -1.34776
0 21 364 2.16005
0 21 365 1.03896
0 21 366 0.92568
0 21 367 3.84755
0 21 368 2.38662
0 21 369 2.40615
0 21 370 2.60537
0 21 371 -1.21885
0 21 372 2.96865
0 21 373 0.410055
0 21 374 1.21865
0 21 375 1.26162
0 21 376 -0.250101
0 21 377 0.499899
0 21 378 0.199117
0 21 379 -0.609476
0 21 380 0.949117
0 21 381 0.777242
0 21 382 1.82021
0 21 383 -2.27745
0 21 384 0.187399
0 21 385 -0.359476
0 21 386 0.722555
0 21 387 0.695211
0 21 388 3.24209
0 21 389 0.601461
0 21 390 0.624899
0 21 391 0.245992
0 21 392 0.578024
0 21 393 -2.6251
0 21 394 -0.269633
0 21 395 1.79677
0 21 396 1.60927
0 21 397 -1.33213
0 21 398 3.1249
0 21 399 1.41005
0 21 400 -0.0782265
0 21 401 1.05459
0 21 402 -0.328226
0 21 403 -1.41807
0 21 404 3.45693
0 21 405 -1.69151
0 21 406 3.09365
0 21 407 2.3163
0 21 408 -1.85166
0 21 409 2.14443
0 21 410 0.253805
0 21 411 -0.203226
0 21 412 -0.300883
0 21 413 -0.523539
0 21 414 2.2538
0 21 415 0.406149
0 21 416 -1.03916
0 21 417 -3.19932
0 21 418 -0.60557
0 21 419 -1.86729
0 21 420 0.870992
0 21 421 1.19521
0 21 422 -1.14854
0 21 423 -2.4962
0 21 424 -0.589945
0 21 425 0.437399
0 21 426 1.97255
0 21 427 -3.6251
0 21 428 0.843649
0 21 429 1.99599
0 21 430 0.828024
0 21 431 0.214742
0 21 432 -0.863383
0 21 433 0.867086
0 21 434 0.038961
0 21 435 -1.91416
0 21 436 -0.910258
0 21 437 2.14443
0 21 438 0.449117
0 21 439 -0.644633
0 21 440 2.83974
0 21 441 -1.96104
0 21 442 1.42959
0 21 443 -0.308695
0 21 444 -0.406351
0 21 445 2.89443
0 21 446 -0.976664
0 21 447 -0.632914
0 21 448 -1.14854
0 21 449 4.2499
0 21 450 1.92177
0 21 451 0.0741173
0 21 452 -1.72276
0 21 453 1.22646
0 21 454 3.08584
0 21 455 2.91005
0 21 456 -0.800883
0 21 457 0.824117
0 21 458 1.98818
0 21 459 1.3124
0 21 460 1.83193
0 21 461 1.07021
0 21 462 1.97646
0 21 463 2.35146
0 21 464 2.30459
0 21 465 2.05849
0 21 466 1.4999
0 21 467 -1.20323
0 21 468 4.3163
0 21 469 1.37099
0 21 470 2.79287
0 21 471 1.21474
0 21 472 3.64443
0 21 473 1.4413
0 21 474 4.92568
0 21 475 5.85146
0 21 476 7.2538
0 21 477 4.63662
0 21 478 8.08974
0 21 479 7.7499
0 21 480 8.1874
0 21 481 10.2616
0 21 482 12.9257
0 21 483 12.5116
0 21 484 14.9296
0 21 485 14.6718
0 21 486 16.9647
0 21 487 13.6366
0 21 488 15.4882
0 21 489 13.5507
0 21 490 8.71474
0 21 491 11.3671
0 21 492 7.22255
0 21 493 6.01552
0 21 494 3.16005
0 21 495 2.27724
0 21 496 2.15615
0 21 497 0.406149
0 21 498 0.999899
0 21 499 2.74599
0 21 500 3.3788
0 21 501 0.777242
0 21 502 0.36318
0 21 503 -0.00400771
0 21 504 0.226461
0 21 505 -0.867289
0 21 506 2.08193
0 21 507 1.78896
0 21 508 0.761617
0 21 509 -0.0196327
0 21 510 -0.00791396
0 21 511 -1.56651
