0 16 0 1.93258
0 16 1 1.62789
0 16 2 -1.59867
0 16 3 1.3232
0 16 4 0.272423
0 16 5 -0.325233
0 16 6 -0.395546
0 16 7 0.991173
0 16 8 0.690392
0 16 9 0.225548
0 16 10 -0.700233
0 16 11 -0.176796
0 16 12 1.51852
0 16 13 -0.399452
0 16 14 -0.336952
0 16 15 -1.9307
0 16 16 -0.223671
0 16 17 -1.6768
0 16 18 -0.29789
0 16 19 -0.938515
0 16 20 -1.33695
0 16 21 0.998985
0 16 22 -0.469765
0 16 23 -1.71976
0 16 24 -0.336952
0 16 25 3.37008
0 16 26 -0.67289
0 16 27 -0.129921
0 16 28 2.33492
0 16 29 -0.399452
0 16 30 0.63961
0 16 31 -0.559608
0 16 32 1.2568
0 16 33 0.463829
0 16 34 -0.208046
0 16 35 -0.993202
0 16 36 3.35055
0 16 37 0.428673
0 16 38 -2.88773
0 16 39 -1.60258
0 16 40 2.14352
0 16 41 1.54586
0 16 42 2.70211
0 16 43 -0.415077
0 16 44 1.25289
0 16 45 0.495079
0 16 46 -2.57914
0 16 47 1.82711
0 16 48 -2.28226
0 16 49 0.338829
0 16 50 -0.70414
0 16 51 3.29195
0 16 52 -0.0439834
0 16 53 -0.0869521
0 16 54 -0.208046
0 16 55 0.370079
0 16 56 -1.44633
0 16 57 -0.325233
0 16 58 -1.92289
0 16 59 -0.180702
0 16 60 -1.32914
0 16 61 -0.98539
0 16 62 0.213829
0 16 63 -0.528358
0 16 64 -0.293983
0 16 65 1.01461
0 16 66 0.627892
0 16 67 1.91695
0 16 68 -0.645546
0 16 69 0.870079
0 16 70 -0.676796
0 16 71 -0.817421
0 16 72 0.588829
0 16 73 0.95211
0 16 74 -0.223671
0 16 75 -1.42289
0 16 76 0.280235
0 16 77 0.0575791
0 16 78 -0.918983
0 16 79 1.1357
0 16 80 -1.18851
0 16 81 -1.12211
0 16 82 1.29195
0 16 83 -1.48148
0 16 84 1.24899
0 16 85 1.61227
0 16 86 0.268517
0 16 87 0.944298
0 16 88 0.35836
0 16 89 0.159142
0 16 90 1.85055
0 16 91 1.2607
0 16 92 -1.0518
0 16 93 1.5107
0 16 94 2.1318
0 16 95 1.03024
0 16 96 -0.243202
0 16 97 1.65524
0 16 98 0.17086
0 16 99 0.413048
0 16 100 0.299767
0 16 101 1.12789
0 16 102 2.5732
0 16 103 -1.6143
0 16 104 0.0263291
0 16 105 -0.313515
0 16 106 2.42867
0 16 107 0.463829
0 16 108 -0.715858
0 16 109 0.79586
0 16 110 -1.27836
0 16 111 -0.813515
0 16 112 2.41695
0 16 113 -0.368202
0 16 114 1.15914
0 16 115 -1.23539
0 16 116 0.338829
0 16 117 0.905235
0 16 118 -0.00882711
0 16 119 0.682579
0 16 120 0.502892
0 16 121 0.647423
0 16 122 0.00289164
0 16 123 -0.309608
0 16 124 0.0536729
0 16 125 0.174767
0 16 126 -2.71976
0 16 127 0.881798
0 16 128 -0.770546
0 16 129 2.03024
0 16 130 1.75289
0 16 131 -0.594765
0 16 132 1.28024
0 16 133 0.159142
0 16 134 -0.356483
0 16 135 1.6357
0 16 136 0.248985
0 16 137 -0.969765
0 16 138 0.206017
0 16 139 0.944298
0 16 140 0.788048
0 16 141 -2.73539
0 16 142 1.29195
0 16 143 0.475548
0 16 144 0.905235
0 16 145 0.00289164
0 16 146 0.178673
0 16 147 -0.00101461
0 16 148 0.725548
0 16 149 -1.06742
0 16 150 -0.778358
0 16 151 -0.872108
0 16 152 2.18649
0 16 153 0.248985
0 16 154 0.811485
0 16 155 -0.415077
0 16 156 0.338829
0 16 157 2.32711
0 16 158 0.85836
0 16 159 -1.25883
0 16 160 -0.926796
0 16 161 0.479454
0 16 162 1.27633
0 16 163 0.780235
0 16 164 1.57711
0 16 165 -1.32914
0 16 166 0.713829
0 16 167 0.54586
0 16 168 1.31539
0 16 169 -0.82914
0 16 170 -0.508827
0 16 171 -0.133827
0 16 172 -0.946327
0 16 173 -2.32133
0 16 174 0.393517
0 16 175 0.627892
0 16 176 -1.51664
0 16 177 -0.723671
0 16 178 0.432579
0 16 179 -0.231483
0 16 180 -0.426796
0 16 181 0.116173
0 16 182 -0.325233
0 16 183 -0.629921
0 16 184 0.948204
0 16 185 -0.17289
0 16 186 -0.00492086
0 16 187 1.5068
0 16 188 0.831017
0 16 189 -0.89164
0 16 190 0.620079
0 16 191 -0.950233
0 16 192 -3.53617
0 16 193 1.83883
0 16 194 0.299767
0 16 195 1.40914
0 16 196 -0.270546
0 16 197 -0.934608
0 16 198 -0.336952
0 16 199 0.20211
0 16 200 -0.188515
0 16 201 -0.208046
0 16 202 0.0107041
0 16 203 -1.54789
0 16 204 -2.46195
0 16 205 1.51461
0 16 206 0.549767
0 16 207 -1.52445
0 16 208 1.49508
0 16 209 0.502892
0 16 210 -0.79789
0 16 211 -1.82523
0 16 212 0.0380479
0 16 213 0.155235
0 16 214 -1.34086
0 16 215 0.120079
0 16 216 -1.0518
0 16 217 0.95211
0 16 218 -0.696327
0 16 219 -1.14945
0 16 220 -0.321327
0 16 221 -2.2393
0 16 222 -0.399452
0 16 223 0.17086
0 16 224 -0.805702
0 16 225 -0.786171
0 16 226 -0.0517959
0 16 227 0.838829
0 16 228 -1.35258
0 16 229 1.3818
0 16 230 -0.969765
0 16 231 0.0536729
0 16 232 -0.606483
0 16 233 1.45992
0 16 234 0.440392
0 16 235 -0.309608
0 16 236 0.690392
0 16 237 0.893517
0 16 238 -0.54789
0 16 239 1.1982
0 16 240 -1.73539
0 16 241 -1.29398
0 16 242 1.84274
0 16 243 -0.825233
0 16 244 -1.90726
0 16 245 1.56539
0 16 246 0.436485
0 16 247 2.49117
0 16 248 -0.844765
0 16 249 0.506798
0 16 250 -0.614296
0 16 251 0.252892
0 16 252 -0.575233
0 16 253 0.0692979
0 16 254 1.45992
0 16 255 0.350548
0 16 256 0.487267
0 16 257 0.182579
0 16 258 1.6982
0 16 259 0.0966416
0 16 260 0.311485
0 16 261 0.885704
0 16 262 -0.309608
0 16 263 -1.19633
0 16 264 -1.72367
0 16 265 0.0302354
0 16 266 -0.879921
0 16 267 0.198204
0 16 268 -0.426796
0 16 269 0.288048
0 16 270 0.194298
0 16 271 -2.36039
0 16 272 1.15133
0 16 273 -0.309608
0 16 274 -0.14164
0 16 275 -2.21195
0 16 276 1.1943
0 16 277 0.592735
0 16 278 -1.04008
0 16 279 0.186485
0 16 280 -0.727577
0 16 281 -0.809608
0 16 282 -2.08695
0 16 283 0.909142
0 16 284 -0.313515
0 16 285 3.6943
0 16 286 1.23336
0 16 287 -0.262733
0 16 288 -0.696327
0 16 289 -0.387733
0 16 290 -0.176796
0 16 291 -0.586952
0 16 292 1.23336
0 16 293 0.467735
0 16 294 1.83883
0 16 295 0.592735
0 16 296 -0.0674209
0 16 297 0.280235
0 16 298 -1.79789
0 16 299 -0.00882711
0 16 300 2.24508
0 16 301 1.0107
0 16 302 -0.82914
0 16 303 -1.17289
0 16 304 0.38961
0 16 305 -1.1768
0 16 306 1.65524
0 16 307 1.05758
0 16 308 -0.567421
0 16 309 0.741173
0 16 310 0.0419541
0 16 311 0.963829
0 16 312 0.381798
0 16 313 1.48727
0 16 314 0.35836
0 16 315 1.45211
0 16 316 -0.11039
0 16 317 -0.586952
0 16 318 0.495079
0 16 319 1.31539
0 16 320 1.37789
0 16 321 -0.23539
0 16 322 1.68258
0 16 323 0.487267
0 16 324 1.42477
0 16 325 0.190392
0 16 326 -0.504921
0 16 327 -0.512733
0 16 328 0.354454
0 16 329 -0.0713271
0 16 330 0.635704
0 16 331 1.96774
0 16 332 1.31149
0 16 333 -1.54398
0 16 334 -1.65336
0 16 335 -0.372108
0 16 336 -0.290077
0 16 337 -0.825233
0 16 338 -1.04398
0 16 339 -1.48148
0 16 340 -0.469765
0 16 341 -0.106483
0 16 342 -1.34867
0 16 343 0.20211
0 16 344 -0.180702
0 16 345 1.5107
0 16 346 1.3193
0 16 347 0.299767
0 16 348 -0.747108
0 16 349 -0.958046
0 16 350 -0.321327
0 16 351 0.522423
0 16 352 0.76461
0 16 353 -0.618202
0 16 354 1.68649
0 16 355 -1.9307
0 16 356 -0.543983
0 16 357 -0.137733
0 16 358 0.166954
0 16 359 1.11227
0 16 360 -0.465858
0 16 361 -0.696327
0 16 362 -0.883827
0 16 363 -0.364296
0 16 364 0.549767
0 16 365 -3.1807
0 16 366 2.85445
0 16 367 0.147423
0 16 368 1.44039
0 16 369 -0.0244521
0 16 370 0.401329
0 16 371 0.350548
0 16 372 0.237267
0 16 373 -0.29789
0 16 374 -1.97758
0 16 375 -0.864296
0 16 376 0.424767
0 16 377 -2.15726
0 16 378 2.1357
0 16 379 0.315392
0 16 380 2.02242
0 16 381 0.276329
0 16 382 -1.1807
0 16 383 0.42086
0 16 384 0.596642
0 16 385 -0.23539
0 16 386 -0.793983
0 16 387 0.373985
0 16 388 0.959923
0 16 389 0.0263291
0 16 390 0.823204
0 16 391 1.39352
0 16 392 1.13961
0 16 393 -0.118202
0 16 394 -0.504921
0 16 395 -0.0635146
0 16 396 1.0693
0 16 397 1.03024
0 16 398 -1.49711
0 16 399 3.49899
0 16 400 -0.368202
0 16 401 -1.53617
0 16 402 1.02242
0 16 403 -1.72758
0 16 404 -0.133827
0 16 405 1.15914
0 16 406 1.17477
0 16 407 -1.06742
0 16 408 -0.70414
0 16 409 0.530235
0 16 410 2.61617
0 16 411 1.64742
0 16 412 1.16695
0 16 413 1.48336
0 16 414 -0.61039
0 16 415 0.32711
0 16 416 0.893517
0 16 417 0.284142
0 16 418 -0.411171
0 16 419 1.35836
0 16 420 -0.0557021
0 16 421 2.03805
0 16 422 1.42477
0 16 423 1.27242
0 16 424 -0.129921
0 16 425 0.35836
0 16 426 1.17867
0 16 427 0.444298
0 16 428 1.0693
0 16 429 2.43649
0 16 430 4.27633
0 16 431 4.08883
0 16 432 5.99899
0 16 433 5.41695
0 16 434 7.61227
0 16 435 7.51852
0 16 436 9.09664
0 16 437 10.288
0 16 438 9.87789
0 16 439 11.5263
0 16 440 14.1435
0 16 441 14.5693
0 16 442 14.706
0 16 443 14.999
0 16 444 17.3857
0 16 445 14.8349
0 16 446 13.0107
0 16 447 11.7998
0 16 448 11.042
0 16 449 8.70602
0 16 450 4.1982
0 16 451 5.1982
0 16 452 6.47164
0 16 453 3.80758
0 16 454 3.37399
0 16 455 1.98336
0 16 456 -0.243202
0 16 457 1.96383
0 16 458 1.04195
0 16 459 2.43649
0 16 460 3.1318
0 16 461 -0.00101461
0 16 462 0.643517
0 16 463 0.413048
0 16 464 -1.77055
0 16 465 1.14352
0 16 466 0.436485
0 16 467 -1.05961
0 16 468 0.694298
0 16 469 3.20992
0 16 470 1.21383
0 16 471 0.666954
0 16 472 -0.926796
0 16 473 -2.00101
0 16 474 0.600548
0 16 475 0.569298
0 16 476 -1.13383
0 16 477 -1.4268
0 16 478 -1.10258
0 16 479 1.30367
0 16 480 -1.53226
0 16 481 -2.16117
0 16 482 2.08102
0 16 483 0.643517
0 16 484 0.48336
0 16 485 0.38961
0 16 486 1.6318
0 16 487 -0.243202
0 16 488 0.526329
0 16 489 0.123985
0 16 490 0.276329
0 16 491 0.471642
0 16 492 -0.0596084
0 16 493 -1.23148
0 16 494 -1.07914
0 16 495 1.24508
0 16 496 -0.376015
0 16 497 1.5107
0 16 498 0.561485
0 16 499 -1.59086
0 16 500 2.23336
0 16 501 3.0107
0 16 502 0.592735
0 16 503 0.29586
0 16 504 -0.493202
0 16 505 1.71774
0 16 506 2.01852
0 16 507 0.0810166
0 16 508 -0.129921
0 16 509 0.350548
0 16 510 -1.84476
0 16 511 0.79586
