0 17 1 1.64575
0 17 2 -0.963626
0 17 3 2.39575
0 17 4 -1.34644
0 17 5 -0.627689
0 17 6 2.8645
0 17 7 0.294186
0 17 8 2.64966
0 17 9 0.10278
0 17 10 1.09497
0 17 11 0.583249
0 17 12 -0.854251
0 17 13 0.32153
0 17 14 -1.04566
0 17 15 -0.791751
0 17 16 -0.362064
0 17 17 -0.936282
0 17 18 -0.77222
0 17 19 0.0832488
0 17 20 0.876218
0 17 21 -0.725345
0 17 22 -0.373782
0 17 23 -1.29956
0 17 24 -1.00269
0 17 25 -0.119876
0 17 26 -0.99097
0 17 27 0.169186
0 17 28 1.63012
0 17 29 -2.81128
0 17 30 -1.22535
0 17 31 0.786374
0 17 32 0.723874
0 17 33 2.11841
0 17 34 -0.89722
0 17 35 -0.39722
0 17 36 -1.4441
0 17 37 0.106686
0 17 38 0.97778
0 17 39 1.11059
0 17 40 -1.33081
0 17 41 0.0793425
0 17 42 -1.36597
0 17 43 -0.729251
0 17 44 1.63012
0 17 45 -0.658939
0 17 46 -0.557376
0 17 47 1.23559
0 17 48 0.380124
0 17 49 -0.674564
0 17 50 1.44262
0 17 51 0.829343
0 17 52 2.49731
0 17 53 -0.541751
0 17 54 -1.43238
0 17 55 -0.80347
0 17 56 -1.68238
0 17 57 0.087155
0 17 58 -0.104251
0 17 59 -2.30738
0 17 60 1.37231
0 17 61 -1.08863
0 17 62 -1.16285
0 17 63 -0.901126
0 17 64 -1.43238
0 17 65 -0.330814
0 17 66 -1.46363
0 17 67 -0.0456575
0 17 68 -0.55347
0 17 69 -0.948001
0 17 70 -0.0769075
0 17 71 -1.55347
0 17 72 -0.315189
0 17 73 0.880124
0 17 74 1.33325
0 17 75 -0.287845
0 17 76 0.333249
0 17 77 -0.319095
0 17 78 0.208249
0 17 79 -0.889407
0 17 80 -0.944095
0 17 81 -0.0612825
0 17 82 -0.338626
0 17 83 -0.666751
0 17 84 -2.27613
0 17 85 0.0676238
0 17 86 -0.330814
0 17 87 0.637936
0 17 88 -1.76831
0 17 89 -0.190189
0 17 90 1.36059
0 17 91 -0.291751
0 17 92 0.434811
0 17 93 -1.87378
0 17 94 1.11059
0 17 95 0.145749
0 17 96 -1.03785
0 17 97 -0.0730012
0 17 98 -1.31519
0 17 99 -0.276126
0 17 100 1.00122
0 17 101 -2.97925
0 17 102 1.9895
0 17 103 -2.72534
0 17 104 -1.92066
0 17 105 -0.182376
0 17 106 1.39965
0 17 107 -1.07691
0 17 108 -0.151126
0 17 109 0.110593
0 17 110 -0.213626
0 17 111 0.04028
0 17 112 -0.0456575
0 17 113 0.294186
0 17 114 -2.70191
0 17 115 0.579343
0 17 116 1.23559
0 17 117 1.82544
0 17 118 0.94653
0 17 119 -0.186282
0 17 120 -0.869876
0 17 121 -0.385501
0 17 122 -0.444095
0 17 123 -0.518314
0 17 124 -0.393314
0 17 125 -0.811282
0 17 126 -0.905032
0 17 127 0.0441863
0 17 128 0.348874
0 17 129 1.177
0 17 130 2.1145
0 17 131 0.10278
0 17 132 -0.311282
0 17 133 -1.30738
0 17 134 -1.1316
0 17 135 -0.67847
0 17 136 -3.29175
0 17 137 -0.0573762
0 17 138 -1.54175
0 17 139 0.313718
0 17 140 0.110593
0 17 141 2.05591
0 17 142 0.255124
0 17 143 0.25903
0 17 144 0.00512378
0 17 145 -1.77222
0 17 146 2.91528
0 17 147 -0.92847
0 17 148 -0.826907
0 17 149 0.497311
0 17 150 -0.260501
0 17 151 0.938718
0 17 152 2.23169
0 17 153 -2.04175
0 17 154 0.532468
0 17 155 -0.20972
0 17 156 -1.54175
0 17 157 1.39575
0 17 158 0.270749
0 17 159 -0.89722
0 17 160 -1.21363
0 17 161 -0.815189
0 17 162 -0.850345
0 17 163 0.708249
0 17 164 1.66137
0 17 165 0.325436
0 17 166 1.74731
0 17 167 1.39184
0 17 168 -0.99097
0 17 169 -0.600345
0 17 170 -1.31519
0 17 171 -0.455814
0 17 172 -1.96363
0 17 173 0.38403
0 17 174 2.05981
0 17 175 -1.41285
0 17 176 -1.073
0 17 177 -0.811282
0 17 178 -0.49097
0 17 179 -0.217532
0 17 180 -1.17847
0 17 181 -0.283939
0 17 182 0.235593
0 17 183 -1.49097
0 17 184 -1.33472
0 17 185 -1.57691
0 17 186 0.305905
0 17 187 2.13403
0 17 188 0.762936
0 17 189 -2.1355
0 17 190 -1.81519
0 17 191 0.626218
0 17 192 0.739499
0 17 193 1.72387
0 17 194 0.891843
0 17 195 -0.174564
0 17 196 1.19653
0 17 197 -0.295657
0 17 198 1.9895
0 17 199 0.473874
0 17 200 0.32153
0 17 201 -1.29175
0 17 202 -1.16285
0 17 203 2.41528
0 17 204 0.544186
0 17 205 0.50903
0 17 206 1.3645
0 17 207 -1.52613
0 17 208 -0.698001
0 17 209 -1.34644
0 17 210 -1.58472
0 17 211 -1.58863
0 17 212 1.75903
0 17 213 -0.248782
0 17 214 -1.04175
0 17 215 -1.09644
0 17 216 -0.67847
0 17 217 2.09497
0 17 218 0.0168425
0 17 219 0.419186
0 17 220 -1.073
0 17 221 -2.20581
0 17 222 -0.791751
0 17 223 0.555905
0 17 224 0.669186
0 17 225 -2.12769
0 17 226 1.21215
0 17 227 0.950436
0 17 228 1.70825
0 17 229 -1.27222
0 17 230 2.29419
0 17 231 1.15356
0 17 232 -1.42456
0 17 233 0.762936
0 17 234 -0.619876
0 17 235 0.880124
0 17 236 -0.86597
0 17 237 0.130124
0 17 238 -0.0417512
0 17 239 -0.08472
0 17 240 -0.037845
0 17 241 -0.537845
0 17 242 2.07153
0 17 243 1.23169
0 17 244 -1.20581
0 17 245 0.739499
0 17 246 -0.838626
0 17 247 -0.24097
0 17 248 1.1809
0 17 249 -2.06519
0 17 250 0.79028
0 17 251 0.688718
0 17 252 1.26294
0 17 253 -0.451907
0 17 254 -0.08472
0 17 255 -1.0105
0 17 256 -0.752689
0 17 257 -1.86988
0 17 258 -2.29956
0 17 259 -0.760501
0 17 260 0.278561
0 17 261 -0.416751
0 17 262 -0.518314
0 17 263 0.223874
0 17 264 -0.45972
0 17 265 -0.936282
0 17 266 -0.514407
0 17 267 -1.54175
0 17 268 0.669186
0 17 269 -1.73316
0 17 270 -0.02222
0 17 271 -0.549564
0 17 272 -1.05738
0 17 273 -1.06128
0 17 274 1.21997
0 17 275 -0.487064
0 17 276 0.360593
0 17 277 1.85278
0 17 278 2.64184
0 17 279 -0.502689
0 17 280 -0.682376
0 17 281 0.575436
0 17 282 1.01684
0 17 283 2.19262
0 17 284 0.497311
0 17 285 -0.201907
0 17 286 1.44653
0 17 287 0.380124
0 17 288 1.85669
0 17 289 -0.686282
0 17 290 1.03247
0 17 291 0.38403
0 17 292 -0.05347
0 17 293 0.450436
0 17 294 -0.655032
0 17 295 1.58715
0 17 296 -1.51831
0 17 297 0.610593
0 17 298 -1.91285
0 17 299 1.18481
0 17 300 -1.19019
0 17 301 -1.0105
0 17 302 1.32544
0 17 303 0.219968
0 17 304 1.79419
0 17 305 0.372311
0 17 306 1.50512
0 17 307 1.5559
0 17 308 1.08325
0 17 309 2.49731
0 17 310 2.21606
0 17 311 2.13403
0 17 312 2.68481
0 17 313 2.61841
0 17 314 4.82544
0 17 315 8.41919
0 17 316 8.58325
0 17 317 7.43481
0 17 318 9.76684
0 17 319 11.7942
0 17 320 11.2395
0 17 321 14.4817
0 17 322 10.8567
0 17 323 13.3762
0 17 324 14.3684
0 17 325 13.4036
0 17 326 14.8137
0 17 327 13.4231
0 17 328 11.6145
0 17 329 7.63012
0 17 330 7.41919
0 17 331 4.68872
0 17 332 3.35669
0 17 333 2.78247
0 17 334 2.34887
0 17 335 0.712155
0 17 336 0.57153
0 17 337 1.46997
0 17 338 0.0988738
0 17 339 4.21606
0 17 340 1.2395
0 17 341 0.426999
0 17 342 -1.15113
0 17 343 -0.955814
0 17 344 -0.854251
0 17 345 1.22387
0 17 346 -0.350345
0 17 347 1.09887
0 17 348 -0.401126
0 17 349 -1.30347
0 17 350 -0.389407
0 17 351 -0.604251
0 17 352 1.96997
0 17 353 0.551999
0 17 354 0.919186
0 17 355 -0.346439
0 17 356 -1.10816
0 17 357 1.58325
0 17 358 -0.658939
0 17 359 1.29809
0 17 360 -1.5066
0 17 361 1.12231
0 17 362 0.563718
0 17 363 -0.475345
0 17 364 -0.377689
0 17 365 0.47778
0 17 366 -1.073
0 17 367 0.618405
0 17 368 -0.842532
0 17 369 1.177
0 17 370 -1.78785
0 17 371 -0.39722
0 17 372 0.649655
0 17 373 -0.940189
0 17 374 -1.33472
0 17 375 0.587155
0 17 376 0.505124
0 17 377 0.309811
0 17 378 0.219968
0 17 379 -0.643314
0 17 380 -0.940189
0 17 381 1.44653
0 17 382 -0.217532
0 17 383 0.731686
0 17 384 0.856686
0 17 385 -0.323001
0 17 386 1.35669
0 17 387 0.563718
0 17 388 -2.58472
0 17 389 0.700436
0 17 390 -1.11597
0 17 391 0.118405
0 17 392 -0.721439
0 17 393 -1.11988
0 17 394 1.34106
0 17 395 0.274655
0 17 396 -0.530032
0 17 397 1.03247
0 17 398 -0.994876
0 17 399 0.149655
0 17 400 -1.25269
0 17 401 0.13403
0 17 402 -0.0456575
0 17 403 -0.694095
0 17 404 -1.20191
0 17 405 -0.838626
0 17 406 0.434811
0 17 407 -0.70972
0 17 408 -0.432376
0 17 409 -0.112064
0 17 410 1.1809
0 17 411 0.055905
0 17 412 1.74731
0 17 413 0.200436
0 17 414 0.122311
0 17 415 0.594968
0 17 416 -1.98706
0 17 417 -0.0964387
0 17 418 -2.85816
0 17 419 0.872311
0 17 420 -0.330814
0 17 421 -0.268314
0 17 422 2.20044
0 17 423 2.75903
0 17 424 -2.12378
0 17 425 0.274655
0 17 426 0.739499
0 17 427 -0.432376
0 17 428 0.778561
0 17 429 -1.86597
0 17 430 -1.3855
0 17 431 -0.256595
0 17 432 0.716061
0 17 433 0.962155
0 17 434 2.93872
0 17 435 1.38403
0 17 436 -0.36597
0 17 437 0.0988738
0 17 438 0.735593
0 17 439 -0.24097
0 17 440 -0.100345
0 17 441 1.62622
0 17 442 -1.9441
0 17 443 0.85278
0 17 444 1.14575
0 17 445 0.653561
0 17 446 1.01294
0 17 447 0.204343
0 17 448 0.00512378
0 17 449 -0.0886262
0 17 450 -0.951907
0 17 451 -2.41675
0 17 452 1.1809
0 17 453 -0.248782
0 17 454 -1.34644
0 17 455 -0.260501
0 17 456 0.399655
0 17 457 -1.47925
0 17 458 0.38403
0 17 459 0.594968
0 17 460 -0.963626
0 17 461 0.735593
0 17 462 0.895749
0 17 463 -1.3855
0 17 464 -0.690189
0 17 465 0.426999
0 17 466 0.0480925
0 17 467 1.76294
0 17 468 -0.139407
0 17 469 -1.58472
0 17 470 -0.502689
0 17 471 0.809811
0 17 472 -1.17847
0 17 473 -0.326907
0 17 474 -0.444095
0 17 475 -0.424564
0 17 476 1.52856
0 17 477 -0.752689
0 17 478 -1.69019
0 17 479 -0.733157
0 17 480 0.247311
0 17 481 -0.580814
0 17 482 -1.32691
0 17 483 -0.166751
0 17 484 -0.830814
0 17 485 -0.311282
0 17 486 -2.66675
0 17 487 0.966061
0 17 488 0.137936
0 17 489 0.598874
0 17 490 0.926999
0 17 491 -1.41675
0 17 492 -0.944095
0 17 493 2.56762
0 17 494 -2.10425
0 17 495 -0.569095
0 17 496 0.305905
0 17 497 0.19653
0 17 498 -1.68628
0 17 499 -1.01831
0 17 500 -0.549564
0 17 501 1.177
0 17 502 1.76294
0 17 503 -0.998782
0 17 504 -1.37378
0 17 505 0.176999
0 17 506 0.0480925
0 17 507 0.50903
0 17 508 -2.40894
0 17 509 -0.600345
0 17 510 -0.30347
0 17 511 0.426999
