0 2 0 0.691457
0 2 1 -0.804637
0 2 2 1.80474
0 2 3 -1.35542
0 2 4 1.17193
0 2 5 -0.261668
0 2 6 -0.695262
0 2 7 -2.69917
0 2 8 1.58208
0 2 9 1.83208
0 2 10 0.019582
0 2 11 -1.17964
0 2 12 -1.48432
0 2 13 -2.32807
0 2 14 -1.08198
0 2 15 -1.20698
0 2 16 -0.410106
0 2 17 2.91411
0 2 18 -1.26948
0 2 19 0.582082
0 2 20 0.832082
0 2 21 -4.4687
0 2 22 -1.51557
0 2 23 1.66802
0 2 24 4.42583
0 2 25 -2.33979
0 2 26 0.851613
0 2 27 -1.72651
0 2 28 0.953176
0 2 29 1.66411
0 2 30 -0.382762
0 2 31 6.08208
0 2 32 1.57818
0 2 33 0.226613
0 2 34 0.230519
0 2 35 3.05083
0 2 36 -0.863231
0 2 37 3.83208
0 2 38 1.21489
0 2 39 4.67974
0 2 40 1.39849
0 2 41 1.04693
0 2 42 5.55083
0 2 43 1.23833
0 2 44 7.01958
0 2 45 2.3438
0 2 46 2.68755
0 2 47 5.04693
0 2 48 6.60161
0 2 49 6.63286
0 2 50 5.36333
0 2 51 8.19146
0 2 52 7.33599
0 2 53 8.50005
0 2 54 6.43755
0 2 55 7.22661
0 2 56 1.79693
0 2 57 6.39458
0 2 58 6.75396
0 2 59 8.42193
0 2 60 7.75786
0 2 61 4.27349
0 2 62 5.05864
0 2 63 3.92974
0 2 64 4.75786
0 2 65 4.07036
0 2 66 0.687551
0 2 67 5.57427
0 2 68 0.0391132
0 2 69 3.62505
0 2 70 4.67193
0 2 71 1.79693
0 2 72 2.29302
0 2 73 -2.50776
0 2 74 0.273488
0 2 75 0.187551
0 2 76 3.41802
0 2 77 1.75396
0 2 78 0.746144
0 2 79 0.199269
0 2 80 3.73052
0 2 81 2.5313
0 2 82 1.22661
0 2 83 5.74224
0 2 84 1.26177
0 2 85 2.94927
0 2 86 0.890676
0 2 87 4.67583
0 2 88 2.29693
0 2 89 -1.11323
0 2 90 3.25005
0 2 91 -1.02729
0 2 92 0.496144
0 2 93 0.0234882
0 2 94 0.621144
0 2 95 0.941457
0 2 96 2.29302
0 2 97 -0.164012
0 2 98 2.9063
0 2 99 4.64068
0 2 100 7.23052
0 2 101 3.63286
0 2 102 3.88677
0 2 103 0.535207
0 2 104 4.22271
0 2 105 3.30864
0 2 106 2.01177
0 2 107 1.01568
0 2 108 3.8438
0 2 109 3.54302
0 2 110 1.92583
0 2 111 1.03521
0 2 112 0.324269
0 2 113 0.402394
0 2 114 5.0313
0 2 115 -2.44917
0 2 116 -0.956981
0 2 117 1.48443
0 2 118 -1.53511
0 2 119 0.515676
0 2 120 -2.74214
0 2 121 0.246144
0 2 122 1.96099
0 2 123 1.55864
0 2 124 1.18364
0 2 125 2.19927
0 2 126 1.53521
0 2 127 3.18755
0 2 128 1.04302
0 2 129 3.05864
0 2 130 2.12114
0 2 131 -1.42964
0 2 132 3.22661
0 2 133 1.63677
0 2 134 -0.765574
0 2 135 0.539113
0 2 136 1.4063
0 2 137 -3.17964
0 2 138 0.0117695
0 2 139 0.734426
0 2 140 1.26958
0 2 141 0.0273945
0 2 142 0.105519
0 2 143 1.12505
0 2 144 2.24614
0 2 145 -2.74214
0 2 146 3.36333
0 2 147 -1.49604
0 2 148 4.33599
0 2 149 0.875051
0 2 150 1.15239
0 2 151 -3.51557
0 2 152 2.30083
0 2 153 1.22271
0 2 154 0.140676
0 2 155 -0.699168
0 2 156 -1.03901
0 2 157 -2.82807
0 2 158 -0.242137
0 2 159 -1.91401
0 2 160 -2.24604
0 2 161 -3.14448
0 2 162 -0.246043
0 2 163 0.691457
0 2 164 3.80474
0 2 165 1.56646
0 2 166 -1.26557
0 2 167 0.316457
0 2 168 2.00786
0 2 169 -2.63276
0 2 170 -1.36714
0 2 171 -3.72651
0 2 172 0.0703632
0 2 173 -0.804637
0 2 174 0.257863
0 2 175 -2.88667
0 2 176 -4.50776
0 2 177 -0.289012
0 2 178 3.71099
0 2 179 1.91021
0 2 180 0.636769
0 2 181 0.964894
0 2 182 -1.00776
0 2 183 0.757863
0 2 184 1.66021
0 2 185 -0.386668
0 2 186 -2.48042
0 2 187 -0.238231
0 2 188 -0.285106
0 2 189 1.85552
0 2 190 0.699269
0 2 191 1.39458
0 2 192 -3.60151
0 2 193 -1.91401
0 2 194 0.757863
0 2 195 2.35552
0 2 196 -0.523387
0 2 197 -1.47261
0 2 198 0.253957
0 2 199 -4.55854
0 2 200 -2.33979
0 2 201 -2.76167
0 2 202 -4.60542
0 2 203 -5.30073
0 2 204 -1.19526
0 2 205 -5.41011
0 2 206 -7.42573
0 2 207 -2.72651
0 2 208 -2.69136
0 2 209 -3.56636
0 2 210 -4.44917
0 2 211 -3.57417
0 2 212 -4.58198
0 2 213 -5.15229
0 2 214 -4.58198
0 2 215 1.08599
0 2 216 -0.761668
0 2 217 -0.316356
0 2 218 1.22271
0 2 219 -5.06245
0 2 220 -2.18745
0 2 221 1.00396
0 2 222 -6.58198
0 2 223 0.578176
0 2 224 -1.52339
0 2 225 -2.38276
0 2 226 1.2813
0 2 227 2.33599
0 2 228 2.01177
0 2 229 -0.156199
0 2 230 -0.460887
0 2 231 2.61333
0 2 232 -1.99604
0 2 233 2.86724
0 2 234 3.05474
0 2 235 -2.49214
0 2 236 -0.042918
0 2 237 -0.144481
0 2 238 4.49614
0 2 239 -4.20307
0 2 240 0.519582
0 2 241 -0.355418
0 2 242 3.56646
0 2 243 0.964894
0 2 244 3.99614
0 2 245 2.64849
0 2 246 -0.749949
0 2 247 1.13677
0 2 248 2.0313
0 2 249 1.83599
0 2 250 0.234426
0 2 251 2.42974
0 2 252 2.70318
0 2 253 -0.308543
0 2 254 -2.10932
0 2 255 2.29693
0 2 256 0.535207
0 2 257 0.328176
0 2 258 -0.804637
0 2 259 -1.91792
0 2 260 4.24224
0 2 261 1.65239
0 2 262 2.01568
0 2 263 -0.089793
0 2 264 -1.67573
0 2 265 -0.246043
0 2 266 0.0117695
0 2 267 -0.921824
0 2 268 -2.45307
0 2 269 2.19536
0 2 270 -0.738231
0 2 271 0.035207
0 2 272 -1.87104
0 2 273 -0.765574
0 2 274 0.660207
0 2 275 0.316457
0 2 276 -0.761668
0 2 277 0.835988
0 2 278 3.2188
0 2 279 3.91021
0 2 280 -0.011668
0 2 281 0.753957
0 2 282 -0.656199
0 2 283 -3.42182
0 2 284 1.38286
0 2 285 3.04693
0 2 286 1.30474
0 2 287 -0.292918
0 2 288 -0.703074
0 2 289 0.445363
0 2 290 -1.11323
0 2 291 -1.48042
0 2 292 4.52739
0 2 293 0.636769
0 2 294 -0.597606
0 2 295 -1.87495
0 2 296 0.398488
0 2 297 1.33599
0 2 298 1.05083
0 2 299 1.27739
0 2 300 2.58989
0 2 301 4.73443
0 2 302 -2.83589
0 2 303 1.0313
0 2 304 0.312551
0 2 305 3.81255
0 2 306 -3.43354
0 2 307 1.99614
0 2 308 1.87505
0 2 309 -0.624949
0 2 310 0.742238
0 2 311 -0.703074
0 2 312 -0.390574
0 2 313 4.37896
0 2 314 -1.35542
0 2 315 0.0938007
0 2 316 1.80474
0 2 317 -1.31245
0 2 318 -2.89448
0 2 319 -0.359324
0 2 320 0.421926
0 2 321 -1.01557
0 2 322 0.789113
0 2 323 -2.74604
0 2 324 -2.41401
0 2 325 6.08599
0 2 326 1.08599
0 2 327 2.75786
0 2 328 1.07427
0 2 329 -0.531199
0 2 330 -2.01557
0 2 331 -0.359324
0 2 332 0.066457
0 2 333 1.09771
0 2 334 -0.300731
0 2 335 -3.32417
0 2 336 -1.17573
0 2 337 0.468801
0 2 338 1.48443
0 2 339 3.78911
0 2 340 -0.894481
0 2 341 1.53521
0 2 342 0.0313007
0 2 343 -0.425731
0 2 344 1.83599
0 2 345 -1.23823
0 2 346 -1.71089
0 2 347 1.82427
0 2 348 -0.972606
0 2 349 -0.624949
0 2 350 -0.386668
0 2 351 2.65239
0 2 352 2.81646
0 2 353 -0.398387
0 2 354 -3.82807
0 2 355 -1.93745
0 2 356 -1.15229
0 2 357 -1.39839
0 2 358 2.55083
0 2 359 -3.18354
0 2 360 -1.19917
0 2 361 1.27739
0 2 362 3.49614
0 2 363 -0.195262
0 2 364 0.367238
0 2 365 -1.66011
0 2 366 -1.16011
0 2 367 1.48833
0 2 368 -1.60542
0 2 369 3.62114
0 2 370 -1.29682
0 2 371 -0.011668
0 2 372 3.49614
0 2 373 0.531301
0 2 374 -1.20698
0 2 375 -1.06245
0 2 376 -0.265574
0 2 377 2.93364
0 2 378 0.0391132
0 2 379 3.68364
0 2 380 2.81646
0 2 381 0.972707
0 2 382 1.64458
0 2 383 2.67974
0 2 384 -0.956981
0 2 385 5.29302
0 2 386 3.16021
0 2 387 2.76568
0 2 388 2.56255
0 2 389 0.660207
0 2 390 -3.55464
0 2 391 3.17193
0 2 392 -0.218699
0 2 393 4.95318
0 2 394 0.988332
0 2 395 -1.61714
0 2 396 0.996144
0 2 397 2.24614
0 2 398 1.91802
0 2 399 1.50005
0 2 400 -1.32417
0 2 401 -1.5937
0 2 402 -1.11323
0 2 403 0.269582
0 2 404 0.625051
0 2 405 -3.30464
0 2 406 3.00396
0 2 407 0.890676
0 2 408 -1.18354
0 2 409 3.75396
0 2 410 3.69536
0 2 411 0.066457
0 2 412 5.23443
0 2 413 4.08599
0 2 414 -0.398387
0 2 415 6.39068
0 2 416 -0.769481
0 2 417 3.08208
0 2 418 0.253957
0 2 419 -1.07417
0 2 420 2.60943
0 2 421 2.10552
0 2 422 -1.74214
0 2 423 0.925832
0 2 424 0.992238
0 2 425 3.9063
0 2 426 -1.68745
0 2 427 0.976613
0 2 428 1.75786
0 2 429 -0.585887
0 2 430 -1.5937
0 2 431 4.27739
0 2 432 1.0938
0 2 433 -1.62495
0 2 434 2.87505
0 2 435 -0.363231
0 2 436 -1.08198
0 2 437 3.08208
0 2 438 -1.74995
0 2 439 1.82818
0 2 440 2.38677
0 2 441 0.941457
0 2 442 0.894582
0 2 443 -2.60542
0 2 444 -2.48042
0 2 445 -1.62886
0 2 446 -2.97261
0 2 447 1.17583
0 2 448 -3.10932
0 2 449 0.734426
0 2 450 -0.953074
0 2 451 3.09771
0 2 452 -0.523387
0 2 453 -2.51948
0 2 454 5.26958
0 2 455 0.175832
0 2 456 -1.65229
0 2 457 1.94146
0 2 458 1.78521
0 2 459 -1.98042
0 2 460 0.226613
0 2 461 -1.30073
0 2 462 -3.25386
0 2 463 2.92974
0 2 464 1.83989
0 2 465 -0.746043
0 2 466 5.28521
0 2 467 2.80864
0 2 468 0.652394
0 2 469 2.13677
0 2 470 0.582082
0 2 471 -1.63276
0 2 472 0.910207
0 2 473 -3.28511
0 2 474 1.20708
0 2 475 -3.51557
0 2 476 1.44536
0 2 477 -2.21479
0 2 478 2.44146
0 2 479 -0.374949
0 2 480 0.960988
0 2 481 1.02349
0 2 482 -1.42182
0 2 483 -0.757762
0 2 484 0.800832
0 2 485 0.437551
0 2 486 2.57036
0 2 487 0.832082
0 2 488 0.082082
0 2 489 0.828176
0 2 490 -0.828074
0 2 491 -0.343699
0 2 492 -1.57417
0 2 493 -3.33198
0 2 494 -1.30854
0 2 495 -1.94526
0 2 496 1.23052
0 2 497 0.613332
0 2 498 1.99614
0 2 499 -1.73823
0 2 500 -4.51948
0 2 501 -3.17964
0 2 502 3.85161
0 2 503 -0.667918
0 2 504 -0.914012
0 2 505 5.2813
0 2 506 1.57818
0 2 507 -1.8437
0 2 508 -0.437449
0 2 509 -0.206981
0 2 510 -1.27339
0 2 511 1.13286
