0 13 0 1.5142
0 13 1 -3.18501
0 13 2 -2.41548
0 13 3 1.83061
0 13 4 0.0298295
0 13 5 -1.07955
0 13 6 -0.974077
0 13 7 0.502486
0 13 8 4.25639
0 13 9 -0.833452
0 13 10 -0.829545
0 13 11 1.68217
0 13 12 1.56499
0 13 13 -0.618608
0 13 14 3.53374
0 13 15 0.850142
0 13 16 3.43999
0 13 17 -0.360795
0 13 18 1.2642
0 13 19 -0.169389
0 13 20 4.97905
0 13 21 1.10014
0 13 22 -1.01314
0 13 23 4.5767
0 13 24 3.47124
0 13 25 -2.18111
0 13 26 -1.85689
0 13 27 -1.79439
0 13 28 -2.02876
0 13 29 -0.731889
0 13 30 -2.07173
0 13 31 0.170455
0 13 32 -4.66548
0 13 33 -3.1733
0 13 34 -3.8647
0 13 35 -3.6147
0 13 36 1.5103
0 13 37 -1.47798
0 13 38 -1.53267
0 13 39 2.02202
0 13 40 3.43217
0 13 41 3.94389
0 13 42 -0.153764
0 13 43 1.46342
0 13 44 5.63139
0 13 45 -1.65376
0 13 46 1.11967
0 13 47 1.79155
0 13 48 -1.21236
0 13 49 -1.5483
0 13 50 0.87358
0 13 51 -0.665483
0 13 52 -4.50923
0 13 53 -3.65767
0 13 54 -1.2397
0 13 55 -0.774858
0 13 56 -0.618608
0 13 57 -0.575639
0 13 58 -3.32173
0 13 59 1.02983
0 13 60 4.19389
0 13 61 4.8853
0 13 62 3.06108
0 13 63 0.482955
0 13 64 0.93608
0 13 65 0.205611
0 13 66 -0.556108
0 13 67 1.70952
0 13 68 -2.07564
0 13 69 4.30717
0 13 70 1.42827
0 13 71 5.70952
0 13 72 -1.2358
0 13 73 1.93217
0 13 74 0.34233
0 13 75 4.85405
0 13 76 0.350142
0 13 77 -1.3647
0 13 78 0.326705
0 13 79 -1.76314
0 13 80 -0.692827
0 13 81 -2.19673
0 13 82 1.93608
0 13 83 -0.696733
0 13 84 4.67045
0 13 85 -2.13423
0 13 86 9.72124
0 13 87 3.0103
0 13 88 2.08452
0 13 89 -0.763139
0 13 90 -1.16158
0 13 91 -4.14595
0 13 92 0.147017
0 13 93 -0.653764
0 13 94 1.65483
0 13 95 2.50639
0 13 96 -2.26314
0 13 97 -5.00923
0 13 98 2.8892
0 13 99 -2.27095
0 13 100 4.52202
0 13 101 6.04545
0 13 102 -2.57173
0 13 103 -1.51705
0 13 104 -0.90767
0 13 105 3.72514
0 13 106 -4.12251
0 13 107 -1.05611
0 13 108 0.611861
0 13 109 -0.302202
0 13 110 0.424361
0 13 111 2.68999
0 13 112 4.62749
0 13 113 -2.84126
0 13 114 -0.700639
0 13 115 -3.63033
0 13 116 0.553267
0 13 117 -1.22408
0 13 118 -0.810014
0 13 119 -1.8647
0 13 120 -4.82955
0 13 121 1.49077
0 13 122 -1.08345
0 13 123 -0.177202
0 13 124 0.0571733
0 13 125 3.67045
0 13 126 3.95561
0 13 127 -2.16158
0 13 128 0.658736
0 13 129 1.04936
0 13 130 -0.794389
0 13 131 -4.56392
0 13 132 -3.35689
0 13 133 -2.18111
0 13 134 1.47124
0 13 135 0.221236
0 13 136 -1.22017
0 13 137 0.643111
0 13 138 -0.0443892
0 13 139 2.10795
0 13 140 -2.97798
0 13 141 3.49858
0 13 142 -0.0834517
0 13 143 -1.28658
0 13 144 -1.10689
0 13 145 3.29155
0 13 146 5.6392
0 13 147 0.611861
0 13 148 1.4517
0 13 149 -2.43892
0 13 150 -0.583452
0 13 151 -6.34908
0 13 152 4.2603
0 13 153 -0.208452
0 13 154 0.209517
0 13 155 4.12358
0 13 156 -1.53267
0 13 157 1.34624
0 13 158 -0.0639205
0 13 159 -2.15376
0 13 160 3.2603
0 13 161 3.61577
0 13 162 -0.298295
0 13 163 -0.380327
0 13 164 1.18999
0 13 165 -5.22408
0 13 166 -2.06392
0 13 167 -0.75142
0 13 168 -0.931108
0 13 169 1.60795
0 13 170 0.62358
0 13 171 1.88139
0 13 172 1.78764
0 13 173 0.518111
0 13 174 -0.864702
0 13 175 -0.294389
0 13 176 -0.310014
0 13 177 2.10014
0 13 178 2.52983
0 13 179 2.60014
0 13 180 0.772017
0 13 181 0.240767
0 13 182 0.525923
0 13 183 0.760298
0 13 184 1.08061
0 13 185 3.5728
0 13 186 -0.817827
0 13 187 0.084517
0 13 188 -2.63033
0 13 189 -1.75923
0 13 190 0.275923
0 13 191 -0.642045
0 13 192 0.682173
0 13 193 -5.60298
0 13 194 -0.579545
0 13 195 -1.32564
0 13 196 -0.661577
0 13 197 0.486861
0 13 198 1.41264
0 13 199 1.12749
0 13 200 -0.778764
0 13 201 -2.34908
0 13 202 0.0142045
0 13 203 0.46733
0 13 204 1.41655
0 13 205 -0.520952
0 13 206 1.85014
0 13 207 -4.16939
0 13 208 -0.712358
0 13 209 -4.18892
0 13 210 -2.89205
0 13 211 3.93999
0 13 212 -2.99361
0 13 213 1.37749
0 13 214 2.03374
0 13 215 -0.302202
0 13 216 1.42436
0 13 217 2.42827
0 13 218 0.553267
0 13 219 1.2642
0 13 220 4.77592
0 13 221 1.02592
0 13 222 1.4478
0 13 223 -0.00142045
0 13 224 -0.485795
0 13 225 -0.56392
0 13 226 -1.37251
0 13 227 1.40874
0 13 228 -3.79439
0 13 229 0.963423
0 13 230 -2.57564
0 13 231 0.869673
0 13 232 2.06108
0 13 233 2.14311
0 13 234 -0.841264
0 13 235 -0.263139
0 13 236 1.88139
0 13 237 -6.34126
0 13 238 -1.14595
0 13 239 3.96733
0 13 240 -2.53658
0 13 241 -3.66548
0 13 242 -2.13033
0 13 243 -2.28267
0 13 244 1.45561
0 13 245 -0.239702
0 13 246 -0.18892
0 13 247 4.67045
0 13 248 2.2603
0 13 249 -0.536577
0 13 250 1.58061
0 13 251 1.50639
0 13 252 -1.81001
0 13 253 -2.32173
0 13 254 0.588423
0 13 255 2.0103
0 13 256 -4.47798
0 13 257 4.22124
0 13 258 3.19389
0 13 259 4.56499
0 13 260 -2.6108
0 13 261 -1.8608
0 13 262 1.84624
0 13 263 0.885298
0 13 264 2.41264
0 13 265 4.98686
0 13 266 2.88139
0 13 267 2.10405
0 13 268 1.18217
0 13 269 -1.80611
0 13 270 0.736861
0 13 271 -2.25923
0 13 272 1.09624
0 13 273 -2.43111
0 13 274 -2.29048
0 13 275 0.158736
0 13 276 1.90092
0 13 277 -1.2358
0 13 278 0.0806108
0 13 279 1.83452
0 13 280 -0.380327
0 13 281 -0.954545
0 13 282 0.111861
0 13 283 4.49467
0 13 284 -1.52876
0 13 285 -1.83345
0 13 286 -0.860795
0 13 287 -3.83736
0 13 288 -3.25923
0 13 289 -1.30611
0 13 290 -3.27876
0 13 291 -0.911577
0 13 292 1.87749
0 13 293 1.11577
0 13 294 0.826705
0 13 295 -1.9858
0 13 296 -3.34126
0 13 297 3.8892
0 13 298 -0.192827
0 13 299 -0.599077
0 13 300 2.35014
0 13 301 0.0962358
0 13 302 0.611861
0 13 303 -2.82564
0 13 304 -0.602983
0 13 305 -0.977983
0 13 306 1.38139
0 13 307 3.95952
0 13 308 4.68608
0 13 309 1.61577
0 13 310 4.76811
0 13 311 2.42045
0 13 312 2.8892
0 13 313 1.33061
0 13 314 2.2642
0 13 315 -0.540483
0 13 316 1.54545
0 13 317 -2.53658
0 13 318 -0.462358
0 13 319 4.17827
0 13 320 -1.22017
0 13 321 -2.20845
0 13 322 1.77983
0 13 323 0.607955
0 13 324 -2.25533
0 13 325 1.6978
0 13 326 -0.87642
0 13 327 1.69389
0 13 328 -2.14205
0 13 329 -1.06001
0 13 330 3.43608
0 13 331 -3.1772
0 13 332 4.08452
0 13 333 0.682173
0 13 334 -0.024858
0 13 335 0.346236
0 13 336 5.17436
0 13 337 -1.22017
0 13 338 4.00639
0 13 339 -0.329545
0 13 340 0.147017
0 13 341 2.79545
0 13 342 0.822798
0 13 343 -2.99751
0 13 344 0.084517
0 13 345 -2.03658
0 13 346 0.783736
0 13 347 2.81499
0 13 348 1.27202
0 13 349 -2.4897
0 13 350 -4.20455
0 13 351 -3.68892
0 13 352 -0.856889
0 13 353 -0.62642
0 13 354 2.64702
0 13 355 -3.63033
0 13 356 -3.06392
0 13 357 4.92827
0 13 358 -1.2358
0 13 359 -3.59517
0 13 360 0.482955
0 13 361 -4.26705
0 13 362 1.11186
0 13 363 -3.3608
0 13 364 0.0884233
0 13 365 -8.21626
0 13 366 -4.01314
0 13 367 -5.1147
0 13 368 -0.841264
0 13 369 -0.778764
0 13 370 1.05717
0 13 371 -1.16939
0 13 372 -0.173295
0 13 373 2.21342
0 13 374 -1.16158
0 13 375 -0.0287642
0 13 376 -2.91548
0 13 377 -3.82173
0 13 378 4.66655
0 13 379 0.783736
0 13 380 -0.474077
0 13 381 1.10014
0 13 382 0.283736
0 13 383 -4.07564
0 13 384 2.70561
0 13 385 3.42436
0 13 386 -1.8022
0 13 387 -3.97798
0 13 388 6.36967
0 13 389 -3.63423
0 13 390 1.2603
0 13 391 0.682173
0 13 392 -0.0482955
0 13 393 -0.442827
0 13 394 -1.24751
0 13 395 -1.35298
0 13 396 3.58452
0 13 397 -0.12642
0 13 398 2.54155
0 13 399 0.158736
0 13 400 -2.23189
0 13 401 -0.864702
0 13 402 3.80327
0 13 403 1.50249
0 13 404 4.89702
0 13 405 4.78764
0 13 406 4.2603
0 13 407 5.24467
0 13 408 3.97124
0 13 409 7.04155
0 13 410 6.96733
0 13 411 7.73295
0 13 412 8.27202
0 13 413 8.9478
0 13 414 11.8501
0 13 415 12.8931
0 13 416 16.2056
0 13 417 11.4986
0 13 418 19.4986
0 13 419 17.4165
0 13 420 16.104
0 13 421 14.9556
0 13 422 15.8736
0 13 423 15.7876
0 13 424 13.022
0 13 425 12.6158
0 13 426 7.48295
0 13 427 7.48295
0 13 428 3.31889
0 13 429 -1.65376
0 13 430 -2.35689
0 13 431 2.47905
0 13 432 0.635298
0 13 433 1.8892
0 13 434 4.67827
0 13 435 5.97514
0 13 436 0.982955
0 13 437 0.514205
0 13 438 -3.02876
0 13 439 -0.849077
0 13 440 0.111861
0 13 441 -0.552202
0 13 442 0.400923
0 13 443 0.107955
0 13 444 -5.50533
0 13 445 2.18608
0 13 446 -2.9272
0 13 447 -2.68111
0 13 448 -1.09126
0 13 449 -2.63423
0 13 450 0.818892
0 13 451 -3.04439
0 13 452 -1.16939
0 13 453 0.127486
0 13 454 -3.0483
0 13 455 -3.45845
0 13 456 -4.25533
0 13 457 -1.41939
0 13 458 -0.53267
0 13 459 0.834517
0 13 460 -1.18501
0 13 461 3.18217
0 13 462 1.79545
0 13 463 2.33061
0 13 464 3.74077
0 13 465 2.42827
0 13 466 0.678267
0 13 467 -0.153764
0 13 468 0.74858
0 13 469 -3.48189
0 13 470 2.66655
0 13 471 -3.09126
0 13 472 -3.1772
0 13 473 -5.93111
0 13 474 -0.962358
0 13 475 -1.65767
0 13 476 1.76811
0 13 477 -2.90376
0 13 478 1.73686
0 13 479 -3.49361
0 13 480 0.522017
0 13 481 0.209517
0 13 482 -1.76314
0 13 483 3.03374
0 13 484 -3.32564
0 13 485 2.30717
0 13 486 -0.700639
0 13 487 -0.403764
0 13 488 -3.39205
0 13 489 -2.26314
0 13 490 -1.57564
0 13 491 -0.528764
0 13 492 -4.02486
0 13 493 -2.27095
0 13 494 -1.59908
0 13 495 0.264205
0 13 496 -3.9272
0 13 497 -5.09517
0 13 498 1.39311
0 13 499 2.3267
0 13 500 -0.903764
0 13 501 1.36967
0 13 502 -1.06392
0 13 503 3.90483
0 13 504 2.0728
0 13 505 3.04936
0 13 506 -2.10689
0 13 507 5.41264
0 13 508 0.268111
0 13 509 0.545455
0 13 510 0.963423
0 13 511 -0.716264
