0 14 0 -1.41391
0 14 1 2.08218
0 14 2 1.93765
0 14 3 -1.87875
0 14 4 1.39468
0 14 5 -0.781098
0 14 6 0.754058
0 14 7 0.222808
0 14 8 -0.66391
0 14 9 0.886871
0 14 10 -0.456879
0 14 11 -1.35532
0 14 12 -0.148285
0 14 13 -0.277192
0 14 14 -2.36313
0 14 15 -0.109223
0 14 16 -1.58579
0 14 17 0.46109
0 14 18 1.24234
0 14 19 0.132965
0 14 20 0.816558
0 14 21 1.34
0 14 22 1.17984
0 14 23 2.07046
0 14 24 0.83609
0 14 25 1.79312
0 14 26 0.285308
0 14 27 -1.22641
0 14 28 0.203277
0 14 29 -0.527192
0 14 30 0.0587459
0 14 31 0.109527
0 14 32 -0.0584416
0 14 33 0.601715
0 14 34 -0.0896916
0 14 35 0.781402
0 14 36 -1.72641
0 14 37 -0.878754
0 14 38 2.6525
0 14 39 -0.0428166
0 14 40 -0.355317
0 14 41 -0.792817
0 14 42 2.13296
0 14 43 1.53531
0 14 44 -0.952973
0 14 45 1.18375
0 14 46 -1.08969
0 14 47 1.55875
0 14 48 -0.230317
0 14 49 0.597808
0 14 50 0.195465
0 14 51 -0.464692
0 14 52 -0.35141
0 14 53 -1.69907
0 14 54 -0.199067
0 14 55 -2.32016
0 14 56 -0.206879
0 14 57 -0.273285
0 14 58 -0.581879
0 14 59 0.769683
0 14 60 -1.01547
0 14 61 0.0392147
0 14 62 -1.3475
0 14 63 -2.41782
0 14 64 -0.269379
0 14 65 -0.199067
0 14 66 -3.28891
0 14 67 -0.179535
0 14 68 0.871246
0 14 69 -1.85922
0 14 70 0.765777
0 14 71 2.63687
0 14 72 0.613433
0 14 73 0.0392147
0 14 74 -0.644379
0 14 75 0.918121
0 14 76 -0.187348
0 14 77 -0.222504
0 14 78 1.30484
0 14 79 -0.22641
0 14 80 1.03531
0 14 81 -0.550629
0 14 82 -0.304535
0 14 83 -0.0740666
0 14 84 -0.0154728
0 14 85 0.949371
0 14 86 1.16812
0 14 87 0.390777
0 14 88 0.77359
0 14 89 -1.35922
0 14 90 0.152496
0 14 91 -0.949067
0 14 92 -1.68735
0 14 93 -1.07016
0 14 94 -0.679535
0 14 95 0.0782772
0 14 96 0.843902
0 14 97 -1.56235
0 14 98 1.29703
0 14 99 0.851715
0 14 100 -0.628754
0 14 101 1.69937
0 14 102 0.531402
0 14 103 0.949371
0 14 104 1.25015
0 14 105 2.01578
0 14 106 0.17984
0 14 107 -1.50766
0 14 108 -0.0428166
0 14 109 -2.57016
0 14 110 1.19156
0 14 111 1.89078
0 14 112 -1.74985
0 14 113 -1.61313
0 14 114 -3.04282
0 14 115 -0.667817
0 14 116 -1.74204
0 14 117 -1.51547
0 14 118 1.48843
0 14 119 -1.00375
0 14 120 0.668121
0 14 121 -0.109223
0 14 122 0.0821834
0 14 123 0.172027
0 14 124 -0.327973
0 14 125 -1.70297
0 14 126 -0.0506291
0 14 127 0.199371
0 14 128 -2.07797
0 14 129 -0.41391
0 14 130 -1.41391
0 14 131 1.10562
0 14 132 -0.410004
0 14 133 0.656402
0 14 134 0.851715
0 14 135 0.132965
0 14 136 -1.0975
0 14 137 0.77359
0 14 138 -0.531098
0 14 139 -1.16391
0 14 140 0.515777
0 14 141 0.36734
0 14 142 -0.667817
0 14 143 -1.1561
0 14 144 -0.0857853
0 14 145 -0.906098
0 14 146 0.121246
0 14 147 -1.36704
0 14 148 0.937652
0 14 149 1.64468
0 14 150 0.379058
0 14 151 0.519683
0 14 152 0.320465
0 14 153 -0.0193791
0 14 154 -2.785
0 14 155 0.601715
0 14 156 1.34781
0 14 157 -0.577973
0 14 158 -0.816254
0 14 159 -1.36704
0 14 160 1.70328
0 14 161 -0.128754
0 14 162 1.19156
0 14 163 1.49234
0 14 164 -0.816254
0 14 165 -0.761567
0 14 166 0.984527
0 14 167 -0.542817
0 14 168 -0.777192
0 14 169 0.449371
0 14 170 -0.605317
0 14 171 0.754058
0 14 172 -1.42954
0 14 173 1.12125
0 14 174 -0.378754
0 14 175 -0.218598
0 14 176 -1.26938
0 14 177 -0.839692
0 14 178 1.34
0 14 179 2.25406
0 14 180 -1.05063
0 14 181 0.668121
0 14 182 1.4689
0 14 183 -0.105317
0 14 184 -0.249848
0 14 185 1.82046
0 14 186 0.539215
0 14 187 2.33218
0 14 188 0.152496
0 14 189 0.187652
0 14 190 -0.515473
0 14 191 2.66031
0 14 192 1.14468
0 14 193 2.41031
0 14 194 0.0939022
0 14 195 0.152496
0 14 196 0.621246
0 14 197 1.41812
0 14 198 1.24234
0 14 199 -2.0936
0 14 200 1.47671
0 14 201 1.57828
0 14 202 0.984527
0 14 203 1.13687
0 14 204 3.42984
0 14 205 -0.72641
0 14 206 0.632965
0 14 207 -0.761567
0 14 208 -0.730317
0 14 209 3.17593
0 14 210 3.97671
0 14 211 3.44156
0 14 212 4.10171
0 14 213 5.00406
0 14 214 6.60171
0 14 215 6.82437
0 14 216 8.85953
0 14 217 9.04312
0 14 218 13.965
0 14 219 12.2736
0 14 220 13.9259
0 14 221 16.8205
0 14 222 16.6447
0 14 223 17.3869
0 14 224 16.2267
0 14 225 16.9259
0 14 226 16.508
0 14 227 16.8556
0 14 228 14.4337
0 14 229 11.9377
0 14 230 10.3087
0 14 231 7.76187
0 14 232 4.78531
0 14 233 3.04703
0 14 234 2.0314
0 14 235 0.203277
0 14 236 2.52359
0 14 237 3.66812
0 14 238 1.89468
0 14 239 2.61734
0 14 240 1.4689
0 14 241 1.87125
0 14 242 1.87515
0 14 243 1.10171
0 14 244 -1.41
0 14 245 0.500152
0 14 246 -0.378754
0 14 247 -0.0818791
0 14 248 -0.35141
0 14 249 1.08609
0 14 250 -1.49985
0 14 251 -0.10141
0 14 252 -0.597504
0 14 253 0.39859
0 14 254 -2.53891
0 14 255 1.21109
0 14 256 2.80484
0 14 257 0.754058
0 14 258 0.875152
0 14 259 -2.08188
0 14 260 -0.628754
0 14 261 -1.3436
0 14 262 0.269683
0 14 263 -0.292817
0 14 264 0.67984
0 14 265 -1.12875
0 14 266 0.246246
0 14 267 -0.925629
0 14 268 -2.44516
0 14 269 -1.035
0 14 270 -0.925629
0 14 271 0.99234
0 14 272 -1.88266
0 14 273 1.7814
0 14 274 -0.234223
0 14 275 0.695465
0 14 276 -0.745942
0 14 277 0.730621
0 14 278 -2.00766
0 14 279 -0.523285
0 14 280 0.734527
0 14 281 0.675933
0 14 282 -2.32407
0 14 283 -0.796723
0 14 284 2.27359
0 14 285 1.16812
0 14 286 -3.62094
0 14 287 3.13296
0 14 288 -1.88657
0 14 289 -0.421723
0 14 290 0.464996
0 14 291 0.17984
0 14 292 1.58609
0 14 293 -0.425629
0 14 294 -1.76938
0 14 295 0.879058
0 14 296 -0.636567
0 14 297 0.449371
0 14 298 0.67984
0 14 299 -0.113129
0 14 300 -0.97641
0 14 301 0.418121
0 14 302 -0.0115666
0 14 303 0.183746
0 14 304 1.465
0 14 305 -1.01938
0 14 306 0.531402
0 14 307 -2.23032
0 14 308 -0.367035
0 14 309 0.0274959
0 14 310 -0.785004
0 14 311 0.0314022
0 14 312 -1.80844
0 14 313 1.25796
0 14 314 -2.82407
0 14 315 -1.04282
0 14 316 -1.3436
0 14 317 -1.64829
0 14 318 0.152496
0 14 319 -0.675629
0 14 320 -1.33969
0 14 321 1.7775
0 14 322 1.39859
0 14 323 0.500152
0 14 324 0.707183
0 14 325 0.74234
0 14 326 0.99234
0 14 327 -1.50375
0 14 328 0.652496
0 14 329 0.320465
0 14 330 1.91812
0 14 331 -0.0975041
0 14 332 2.51578
0 14 333 1.75406
0 14 334 -0.898285
0 14 335 -1.46079
0 14 336 -1.80063
0 14 337 -1.58969
0 14 338 -0.82016
0 14 339 0.941558
0 14 340 0.36734
0 14 341 2.59781
0 14 342 1.09781
0 14 343 -0.546723
0 14 344 1.97671
0 14 345 0.0704647
0 14 346 1.01187
0 14 347 -0.753754
0 14 348 -0.00766031
0 14 349 0.14859
0 14 350 1.6564
0 14 351 -0.60141
0 14 352 3.17984
0 14 353 0.257965
0 14 354 -0.812348
0 14 355 0.132965
0 14 356 -0.644379
0 14 357 -0.738129
0 14 358 -2.60922
0 14 359 -0.238129
0 14 360 -0.835785
0 14 361 0.601715
0 14 362 0.42984
0 14 363 0.547027
0 14 364 0.457183
0 14 365 0.96109
0 14 366 -1.89438
0 14 367 0.765777
0 14 368 -0.35141
0 14 369 -0.339692
0 14 370 -0.214692
0 14 371 1.91031
0 14 372 -2.00766
0 14 373 -1.85141
0 14 374 0.691558
0 14 375 1.57437
0 14 376 -0.183442
0 14 377 2.11734
0 14 378 0.168121
0 14 379 -0.202973
0 14 380 0.859527
0 14 381 2.41421
0 14 382 3.6525
0 14 383 -0.160004
0 14 384 -1.07797
0 14 385 -0.109223
0 14 386 0.320465
0 14 387 0.527496
0 14 388 0.238433
0 14 389 -0.218598
0 14 390 0.531402
0 14 391 -0.812348
0 14 392 0.0821834
0 14 393 0.578277
0 14 394 0.71109
0 14 395 -0.28891
0 14 396 -0.0310978
0 14 397 1.89859
0 14 398 -1.13657
0 14 399 0.61734
0 14 400 -0.242035
0 14 401 -0.429535
0 14 402 1.16812
0 14 403 -0.304535
0 14 404 -0.898285
0 14 405 0.144683
0 14 406 0.449371
0 14 407 -2.37875
0 14 408 -1.62485
0 14 409 0.582183
0 14 410 -1.00375
0 14 411 0.359527
0 14 412 -1.26157
0 14 413 -1.99985
0 14 414 0.0978084
0 14 415 -1.31235
0 14 416 3.13296
0 14 417 1.04312
0 14 418 0.761871
0 14 419 -1.89047
0 14 420 0.113433
0 14 421 -0.839692
0 14 422 1.02359
0 14 423 -0.339692
0 14 424 -0.0896916
0 14 425 -2.60532
0 14 426 1.66812
0 14 427 2.30875
0 14 428 1.62515
0 14 429 -1.58188
0 14 430 2.965
0 14 431 -0.210785
0 14 432 -1.07407
0 14 433 0.964996
0 14 434 -0.0193791
0 14 435 0.238433
0 14 436 1.97281
0 14 437 -0.277192
0 14 438 -0.546723
0 14 439 1.70718
0 14 440 -1.1561
0 14 441 -1.66391
0 14 442 0.539215
0 14 443 0.0665584
0 14 444 0.910308
0 14 445 1.25015
0 14 446 -0.22641
0 14 447 0.183746
0 14 448 -1.55063
0 14 449 0.386871
0 14 450 0.578277
0 14 451 0.168121
0 14 452 0.363433
0 14 453 2.94937
0 14 454 -0.906098
0 14 455 1.36734
0 14 456 0.820465
0 14 457 0.609527
0 14 458 2.08609
0 14 459 -0.0662541
0 14 460 0.570465
0 14 461 -0.47641
0 14 462 0.61734
0 14 463 0.0118709
0 14 464 2.48062
0 14 465 0.527496
0 14 466 -0.742035
0 14 467 2.19156
0 14 468 0.718902
0 14 469 -0.0975041
0 14 470 0.132965
0 14 471 -0.324067
0 14 472 0.968902
0 14 473 0.496246
0 14 474 -1.36313
0 14 475 0.58609
0 14 476 -0.230317
0 14 477 1.19546
0 14 478 0.629058
0 14 479 2.32437
0 14 480 1.26578
0 14 481 -0.152192
0 14 482 0.92984
0 14 483 0.535308
0 14 484 0.0274959
0 14 485 1.82046
0 14 486 1.06656
0 14 487 -0.519379
0 14 488 0.0978084
0 14 489 2.61734
0 14 490 -0.202973
0 14 491 -1.63266
0 14 492 -0.734223
0 14 493 0.394683
0 14 494 -0.0506291
0 14 495 1.25796
0 14 496 -0.94516
0 14 497 -0.0896916
0 14 498 1.92984
0 14 499 0.953277
0 14 500 2.05093
0 14 501 -0.0389103
0 14 502 0.449371
0 14 503 -1.01938
0 14 504 -1.42954
0 14 505 0.797027
0 14 506 -0.734223
0 14 507 0.414215
0 14 508 -0.0115666
0 14 509 1.5314
0 14 510 -2.1561
0 14 511 0.375152
