0 25 0 29.5246
0 25 1 -53.4598
0 25 2 15.4699
0 25 3 61.1652
0 25 4 -31.8583
0 25 5 28.2511
0 25 6 -15.9442
0 25 7 33.4777
0 25 8 -40.5692
0 25 9 10.0949
0 25 10 -31.4754
0 25 11 27.9777
0 25 12 -2.04576
0 25 13 52.3292
0 25 14 19.0636
0 25 15 -12.0692
0 25 16 45.4855
0 25 17 6.1183
0 25 18 -51.7254
0 25 19 0.407366
0 25 20 -47.3036
0 25 21 9.31362
0 25 22 57.7433
0 25 23 -9.40513
0 25 24 -4.71763
0 25 25 8.18862
0 25 26 21.8214
0 25 27 9.00893
0 25 28 11.673
0 25 29 42.9542
0 25 30 8.40737
0 25 31 15.1964
0 25 32 5.25112
0 25 33 11.6105
0 25 34 24.5636
0 25 35 47.3292
0 25 36 33.1261
0 25 37 23.6027
0 25 38 -11.5223
0 25 39 -21.5223
0 25 40 25.4621
0 25 41 3.76674
0 25 42 10.4699
0 25 43 -6.53795
0 25 44 -16.1473
0 25 45 35.8527
0 25 46 -35.0379
0 25 47 20.6964
0 25 48 -37.9598
0 25 49 20.0558
0 25 50 28.173
0 25 51 34.3214
0 25 52 24.7355
0 25 53 -12.202
0 25 54 -19.4911
0 25 55 7.77455
0 25 56 3.69643
0 25 57 43.5949
0 25 58 13.5089
0 25 59 31.4855
0 25 60 46.9621
0 25 61 -18.3426
0 25 62 11.0636
0 25 63 16.5089
0 25 64 -14.3973
0 25 65 -47.7958
0 25 66 -42.3504
0 25 67 1.12612
0 25 68 2.69643
0 25 69 21.7902
0 25 70 -13.6864
0 25 71 5.46205
0 25 72 -42.702
0 25 73 39.1808
0 25 74 -13.0458
0 25 75 -4.78795
0 25 76 3.06362
0 25 77 0.868304
0 25 78 22.1574
0 25 79 -46.7254
0 25 80 34.7824
0 25 81 4.9308
0 25 82 -50.5067
0 25 83 8.54018
0 25 84 -9.63951
0 25 85 6.90737
0 25 86 39.1574
0 25 87 -11.5379
0 25 88 8.14174
0 25 89 -21.5848
0 25 90 -7.88951
0 25 91 -10.952
0 25 92 12.1808
0 25 93 -20.7098
0 25 94 40.5949
0 25 95 40.8371
0 25 96 -16.3895
0 25 97 -3.77232
0 25 98 1.93862
0 25 99 40.4464
0 25 100 -37.8504
0 25 101 27.0792
0 25 102 13.048
0 25 103 -0.741071
0 25 104 -49.2645
0 25 105 -32.1864
0 25 106 26.4699
0 25 107 16.9542
0 25 108 33.6105
0 25 109 31.7746
0 25 110 0.352679
0 25 111 -66.0926
0 25 112 28.8371
0 25 113 14.9777
0 25 114 11.5167
0 25 115 -24.4833
0 25 116 49.048
0 25 117 -7.53795
0 25 118 12.4464
0 25 119 -29.4754
0 25 120 10.1183
0 25 121 14.1808
0 25 122 19.7355
0 25 123 -33.1942
0 25 124 3.93862
0 25 125 -15.9911
0 25 126 -1.17857
0 25 127 33.6496
0 25 128 17.8683
0 25 129 1.82143
0 25 130 34.8371
0 25 131 23.4074
0 25 132 8.28237
0 25 133 -8.40513
0 25 134 -1.67857
0 25 135 -5.66295
0 25 136 -18.5536
0 25 137 18.0011
0 25 138 -13.8426
0 25 139 -24.0145
0 25 140 -43.2723
0 25 141 54.2511
0 25 142 33.6964
0 25 143 -17.1083
0 25 144 -21.9833
0 25 145 -6.91295
0 25 146 54.423
0 25 147 3.63393
0 25 148 -2.24888
0 25 149 -17.8895
0 25 150 25.4855
0 25 151 -6.01451
0 25 152 6.4308
0 25 153 8.10268
0 25 154 -25.3114
0 25 155 -27.3739
0 25 156 27.7667
0 25 157 -5.61607
0 25 158 -3.56138
0 25 159 -3.17857
0 25 160 -22.9598
0 25 161 6.57143
0 25 162 -30.4129
0 25 163 -45.0926
0 25 164 -5.64732
0 25 165 -15.3817
0 25 166 10.0246
0 25 167 -48.9442
0 25 168 24.6261
0 25 169 -33.1708
0 25 170 -2.35045
0 25 171 15.0714
0 25 172 18.6339
0 25 173 2.19643
0 25 174 22.2902
0 25 175 29.5871
0 25 176 -13.4911
0 25 177 -20.2958
0 25 178 16.2433
0 25 179 -8.15513
0 25 180 -39.3661
0 25 181 11.3136
0 25 182 -7.84263
0 25 183 -9.37388
0 25 184 26.9777
0 25 185 3.75112
0 25 186 4.40737
0 25 187 -16.1551
0 25 188 4.04018
0 25 189 5.14955
0 25 190 10.5636
0 25 191 21.1496
0 25 192 -20.5614
0 25 193 23.5714
0 25 194 15.798
0 25 195 14.2199
0 25 196 -47.7879
0 25 197 8.28237
0 25 198 18.2667
0 25 199 -41.4051
0 25 200 11.6105
0 25 201 -28.0379
0 25 202 -36.9442
0 25 203 17.3839
0 25 204 1.65737
0 25 205 25.6808
0 25 206 -3.88951
0 25 207 -19.1161
0 25 208 10.5871
0 25 209 34.9308
0 25 210 -7.8192
0 25 211 -22.3661
0 25 212 -11.6395
0 25 213 -33.2333
0 25 214 -13.1864
0 25 215 -8.81138
0 25 216 13.3058
0 25 217 -32.5536
0 25 218 -17.5379
0 25 219 -1.35826
0 25 220 37.1886
0 25 221 25.7121
0 25 222 35.4621
0 25 223 -5.6942
0 25 224 1.39174
0 25 225 0.352679
0 25 226 -9.30357
0 25 227 7.2433
0 25 228 77.4152
0 25 229 11.423
0 25 230 -27.1004
0 25 231 3.04799
0 25 232 29.8917
0 25 233 -34.2411
0 25 234 -11.5458
0 25 235 -52.1083
0 25 236 11.3058
0 25 237 -16.2489
0 25 238 -56.0145
0 25 239 -5.90513
0 25 240 -11.1161
0 25 241 46.4699
0 25 242 -0.280134
0 25 243 -4.05357
0 25 244 19.6183
0 25 245 18.4074
0 25 246 14.9464
0 25 247 56.4855
0 25 248 -8.46763
0 25 249 -32.3817
0 25 250 16.2824
0 25 251 -16.9598
0 25 252 1.70424
0 25 253 -25.0614
0 25 254 -3.28013
0 25 255 43.0792
0 25 256 -6.86607
0 25 257 16.9777
0 25 258 52.798
0 25 259 8.9933
0 25 260 13.4152
0 25 261 3.48549
0 25 262 6.39955
0 25 263 -18.0223
0 25 264 13.3214
0 25 265 -17.8661
0 25 266 -3.22545
0 25 267 41.4621
0 25 268 -15.0614
0 25 269 -19.702
0 25 270 -17.2567
0 25 271 30.0089
0 25 272 -24.4364
0 25 273 18.8996
0 25 274 -0.444196
0 25 275 9.48549
0 25 276 35.6808
0 25 277 17.6261
0 25 278 -18.1317
0 25 279 52.5792
0 25 280 -4.18638
0 25 281 23.9074
0 25 282 14.5402
0 25 283 37.8214
0 25 284 -56.202
0 25 285 29.7511
0 25 286 4.64174
0 25 287 -40.4208
0 25 288 -17.5614
0 25 289 32.4308
0 25 290 37.3292
0 25 291 45.7511
0 25 292 8.78237
0 25 293 7.64955
0 25 294 19.8996
0 25 295 10.5246
0 25 296 -25.4911
0 25 297 -13.9833
0 25 298 11.2589
0 25 299 6.1183
0 25 300 35.3605
0 25 301 21.7589
0 25 302 19.6808
0 25 303 -22.6083
0 25 304 8.57143
0 25 305 -14.2098
0 25 306 11.798
0 25 307 2.38393
0 25 308 -26.6083
0 25 309 -12.9129
0 25 310 -39.3973
0 25 311 -11.4286
0 25 312 26.9933
0 25 313 -12.1239
0 25 314 -5.36607
0 25 315 -5.57701
0 25 316 5.46205
0 25 317 -19.4989
0 25 318 -38.5926
0 25 319 5.19643
0 25 320 -3.99107
0 25 321 6.93862
0 25 322 -19.6942
0 25 323 -33.9989
0 25 324 -54.9598
0 25 325 -15.0067
0 25 326 7.52455
0 25 327 -9.02232
0 25 328 10.8605
0 25 329 -16.6083
0 25 330 -20.077
0 25 331 9.6183
0 25 332 4.32924
0 25 333 -19.7333
0 25 334 19.3527
0 25 335 -25.6942
0 25 336 -57.702
0 25 337 -54.4129
0 25 338 10.3683
0 25 339 -27.4598
0 25 340 -18.4051
0 25 341 -9.38951
0 25 342 16.548
0 25 343 2.77455
0 25 344 -24.7801
0 25 345 -10.2958
0 25 346 -5.8817
0 25 347 -3.42857
0 25 348 45.5246
0 25 349 5.71205
0 25 350 -30.2723
0 25 351 -14.4442
0 25 352 25.8605
0 25 353 -3.36607
0 25 354 -17.5926
0 25 355 17.1652
0 25 356 -5.21763
0 25 357 1.79018
0 25 358 -12.827
0 25 359 -14.2411
0 25 360 5.28237
0 25 361 17.8917
0 25 362 1.79018
0 25 363 -1.58482
0 25 364 68.4464
0 25 365 -17.3973
0 25 366 31.5246
0 25 367 17.7042
0 25 368 32.5246
0 25 369 79.1339
0 25 370 -11.5145
0 25 371 26.4386
0 25 372 6.6183
0 25 373 -20.8192
0 25 374 0.290179
0 25 375 -20.7879
0 25 376 -30.2567
0 25 377 42.7277
0 25 378 42.798
0 25 379 2.14955
0 25 380 30.0246
0 25 381 -30.3739
0 25 382 -47.7254
0 25 383 33.6339
0 25 384 2.54799
0 25 385 55.3917
0 25 386 -4.53013
0 25 387 -12.8114
0 25 388 -33.5067
0 25 389 -48.6083
0 25 390 31.1652
0 25 391 -15.2879
0 25 392 -65.8192
0 25 393 -19.8739
0 25 394 32.4542
0 25 395 -17.202
0 25 396 40.2902
0 25 397 16.0636
0 25 398 0.962054
0 25 399 29.7667
0 25 400 23.7902
0 25 401 -7.56138
0 25 402 -27.5926
0 25 403 -7.20982
0 25 404 4.62612
0 25 405 -31.8895
0 25 406 13.1261
0 25 407 1.82143
0 25 408 3.69643
0 25 409 14.8058
0 25 410 -18.7333
0 25 411 16.7589
0 25 412 -9.45201
0 25 413 29.2277
0 25 414 -7.51451
0 25 415 6.57143
0 25 416 -12.1942
0 25 417 23.8839
0 25 418 -13.1629
0 25 419 -22.4129
0 25 420 2.96205
0 25 421 -63.3973
0 25 422 9.54018
0 25 423 58.1027
0 25 424 -17.7176
0 25 425 21.6105
0 25 426 2.46205
0 25 427 -11.0223
0 25 428 28.0792
0 25 429 -30.6083
0 25 430 35.1339
0 25 431 2.39955
0 25 432 4.42299
0 25 433 3.3058
0 25 434 -18.7411
0 25 435 3.1808
0 25 436 1.00112
0 25 437 18.5949
0 25 438 13.2355
0 25 439 -32.4051
0 25 440 22.9308
0 25 441 29.1886
0 25 442 13.3917
0 25 443 -2.86607
0 25 444 8.44643
0 25 445 0.141741
0 25 446 -20.2801
0 25 447 22.1183
0 25 448 -0.233259
0 25 449 29.1339
0 25 450 23.7511
0 25 451 -0.155134
0 25 452 -51.4442
0 25 453 -20.6551
0 25 454 -5.40513
0 25 455 -23.9676
0 25 456 18.923
0 25 457 -7.1317
0 25 458 6.04018
0 25 459 -13.6161
0 25 460 60.3605
0 25 461 -22.8661
0 25 462 7.46987
0 25 463 -18.9208
0 25 464 -39.9442
0 25 465 -25.0379
0 25 466 -20.0692
0 25 467 0.852679
0 25 468 -34.3114
0 25 469 37.3136
0 25 470 -41.7958
0 25 471 14.3527
0 25 472 -16.9442
0 25 473 -3.49107
0 25 474 -0.866071
0 25 475 7.96987
0 25 476 -24.0458
0 25 477 -2.32701
0 25 478 -15.0692
0 25 479 18.8996
0 25 480 1.61049
0 25 481 -14.2723
0 25 482 -21.6629
0 25 483 21.6496
0 25 484 28.2589
0 25 485 28.7433
0 25 486 17.9464
0 25 487 27.4699
0 25 488 38.4074
0 25 489 8.44643
0 25 490 -20.5614
0 25 491 -18.327
0 25 492 -7.11607
0 25 493 4.93862
0 25 494 44.8917
0 25 495 17.4855
0 25 496 8.79018
0 25 497 -25.6083
0 25 498 63.4386
0 25 499 33.0089
0 25 500 -24.4129
0 25 501 28.048
0 25 502 4.75112
0 25 503 8.46205
0 25 504 0.829241
0 25 505 -18.1161
0 25 506 74.7511
0 25 507 12.3136
0 25 508 -2.70201
0 25 509 -18.5614
0 25 510 28.3839
0 25 511 19.798
