0 24 0 -3.98204
0 24 1 3.04921
0 24 2 2.53358
0 24 3 -4.55235
0 24 4 0.0804586
0 24 5 -11.7086
0 24 6 -9.88829
0 24 7 -2.80235
0 24 8 -10.9742
0 24 9 -2.81798
0 24 10 -0.317979
0 24 11 -8.85704
0 24 12 -0.505479
0 24 13 -1.01329
0 24 14 -4.57579
0 24 15 4.7914
0 24 16 -4.3961
0 24 17 1.58827
0 24 18 3.03358
0 24 19 2.37733
0 24 20 1.20546
0 24 21 -1.21642
0 24 22 10.4398
0 24 23 0.236709
0 24 24 0.682021
0 24 25 3.11171
0 24 26 -1.73204
0 24 27 4.18202
0 24 28 0.369521
0 24 29 1.86952
0 24 30 -3.19298
0 24 31 -3.98985
0 24 32 -1.17735
0 24 33 -3.96642
0 24 34 -3.63829
0 24 35 -8.03673
0 24 36 -0.692979
0 24 37 2.77577
0 24 38 7.44765
0 24 39 9.93202
0 24 40 7.9164
0 24 41 7.95546
0 24 42 0.978896
0 24 43 6.46327
0 24 44 -11.857
0 24 45 -5.82579
0 24 46 0.572646
0 24 47 6.86952
0 24 48 4.23671
0 24 49 -0.646104
0 24 50 -0.927354
0 24 51 2.08046
0 24 52 -8.18517
0 24 53 11.4945
0 24 54 1.86171
0 24 55 6.90858
0 24 56 -2.75548
0 24 57 -3.68517
0 24 58 2.43202
0 24 59 -2.65392
0 24 60 -1.66173
0 24 61 3.54921
0 24 62 2.93202
0 24 63 -3.87267
0 24 64 -3.16173
0 24 65 -12.7945
0 24 66 5.04921
0 24 67 7.2289
0 24 68 0.666396
0 24 69 2.18202
0 24 70 0.588271
0 24 71 1.93202
0 24 72 -1.01329
0 24 73 -6.46642
0 24 74 -1.17735
0 24 75 -5.41173
0 24 76 8.45546
0 24 77 5.42421
0 24 78 -3.91954
0 24 79 1.22108
0 24 80 0.541396
0 24 81 -3.24767
0 24 82 -2.84142
0 24 83 7.13515
0 24 84 0.642959
0 24 85 -1.25548
0 24 86 -6.19298
0 24 87 -1.56017
0 24 88 -3.85704
0 24 89 2.42421
0 24 90 -0.544541
0 24 91 9.62733
0 24 92 0.689834
0 24 93 -0.692979
0 24 94 3.49452
0 24 95 6.68202
0 24 96 -2.59923
0 24 97 6.61171
0 24 98 -10.357
0 24 99 3.02577
0 24 100 9.81483
0 24 101 0.846084
0 24 102 4.11952
0 24 103 -3.35704
0 24 104 1.54921
0 24 105 -5.43517
0 24 106 -0.247666
0 24 107 0.338271
0 24 108 -2.11485
0 24 109 -4.66954
0 24 110 7.90077
0 24 111 -3.59142
0 24 112 5.94765
0 24 113 -9.03673
0 24 114 1.83046
0 24 115 -0.380479
0 24 116 -5.85704
0 24 117 -6.53673
0 24 118 -0.0836039
0 24 119 4.18202
0 24 120 -4.20079
0 24 121 8.72108
0 24 122 5.33827
0 24 123 -0.669541
0 24 124 2.24452
0 24 125 -1.53673
0 24 126 -2.73985
0 24 127 2.1039
0 24 128 -8.56798
0 24 129 -1.07579
0 24 130 -0.0445414
0 24 131 -6.98985
0 24 132 8.18983
0 24 133 -5.66954
0 24 134 -2.41954
0 24 135 10.5258
0 24 136 -0.208604
0 24 137 -0.310166
0 24 138 -1.74767
0 24 139 -2.65392
0 24 140 2.7289
0 24 141 5.82265
0 24 142 2.68202
0 24 143 -3.59142
0 24 144 1.76015
0 24 145 1.22108
0 24 146 4.29921
0 24 147 0.213271
0 24 148 7.03358
0 24 149 -7.1461
0 24 150 -4.23204
0 24 151 0.267959
0 24 152 -4.7086
0 24 153 -3.43517
0 24 154 -0.505479
0 24 155 -1.61485
0 24 156 4.88515
0 24 157 -3.06798
0 24 158 -3.4586
0 24 159 -2.46642
0 24 160 2.7914
0 24 161 -1.16954
0 24 162 -0.810166
0 24 163 1.25233
0 24 164 0.455459
0 24 165 -0.419541
0 24 166 7.2289
0 24 167 3.90077
0 24 168 0.775771
0 24 169 2.55702
0 24 170 -2.41954
0 24 171 -0.864854
0 24 172 4.49452
0 24 173 0.158584
0 24 174 -8.57579
0 24 175 3.31483
0 24 176 -5.8336
0 24 177 2.61952
0 24 178 1.19765
0 24 179 -6.12267
0 24 180 -3.25548
0 24 181 -2.99767
0 24 182 -8.76329
0 24 183 1.31483
0 24 184 3.15077
0 24 185 6.94765
0 24 186 2.43983
0 24 187 6.1039
0 24 188 4.62733
0 24 189 -3.06017
0 24 190 2.56483
0 24 191 -8.81017
0 24 192 -1.70079
0 24 193 -5.95079
0 24 194 3.00233
0 24 195 -8.76329
0 24 196 -9.24767
0 24 197 -1.22423
0 24 198 -0.536729
0 24 199 -6.19298
0 24 200 -2.12267
0 24 201 5.15858
0 24 202 -5.34142
0 24 203 -6.74767
0 24 204 4.58827
0 24 205 2.78358
0 24 206 1.95546
0 24 207 0.0570211
0 24 208 -2.3336
0 24 209 2.31483
0 24 210 -3.44298
0 24 211 2.29921
0 24 212 -2.78673
0 24 213 8.33046
0 24 214 -1.79454
0 24 215 0.0960836
0 24 216 1.15077
0 24 217 4.1039
0 24 218 -6.42735
0 24 219 7.61171
0 24 220 -6.17735
0 24 221 0.588271
0 24 222 -2.38829
0 24 223 -8.16954
0 24 224 -5.35704
0 24 225 9.04921
0 24 226 -5.72423
0 24 227 -11.5992
0 24 228 -6.75548
0 24 229 0.830459
0 24 230 -3.06798
0 24 231 -2.24767
0 24 232 0.494521
0 24 233 -4.13048
0 24 234 2.05702
0 24 235 7.9164
0 24 236 6.08827
0 24 237 -2.76329
0 24 238 -3.2711
0 24 239 -4.87267
0 24 240 -1.54454
0 24 241 -7.28673
0 24 242 -4.73985
0 24 243 -0.716416
0 24 244 -6.20079
0 24 245 8.43202
0 24 246 9.20546
0 24 247 -1.6461
0 24 248 -8.57579
0 24 249 -1.0211
0 24 250 1.01796
0 24 251 -0.192979
0 24 252 9.69765
0 24 253 6.82265
0 24 254 -2.40392
0 24 255 -0.661729
0 24 256 -1.48204
0 24 257 -0.122666
0 24 258 -1.48204
0 24 259 12.1351
0 24 260 0.799209
0 24 261 0.416396
0 24 262 3.53358
0 24 263 4.71327
0 24 264 3.49452
0 24 265 -3.6461
0 24 266 -12.5367
0 24 267 7.56483
0 24 268 2.07265
0 24 269 3.62733
0 24 270 1.67421
0 24 271 3.1039
0 24 272 4.76015
0 24 273 9.90077
0 24 274 -1.34142
0 24 275 1.76796
0 24 276 3.17421
0 24 277 -1.82579
0 24 278 -11.4508
0 24 279 9.83046
0 24 280 -2.7711
0 24 281 3.43983
0 24 282 6.97108
0 24 283 6.07265
0 24 284 7.08827
0 24 285 -7.92735
0 24 286 -4.94298
0 24 287 8.1039
0 24 288 2.4789
0 24 289 1.40858
0 24 290 -4.06017
0 24 291 0.510146
0 24 292 2.9164
0 24 293 5.4789
0 24 294 10.307
0 24 295 -2.80235
0 24 296 0.619521
0 24 297 -2.59142
0 24 298 -2.80235
0 24 299 7.36952
0 24 300 -5.81017
0 24 301 -0.482041
0 24 302 2.7914
0 24 303 10.682
0 24 304 -2.41954
0 24 305 -1.7711
0 24 306 -6.67735
0 24 307 -2.06017
0 24 308 -5.40392
0 24 309 10.1508
0 24 310 1.78358
0 24 311 7.84608
0 24 312 5.01015
0 24 313 9.01796
0 24 314 4.0414
0 24 315 1.15858
0 24 316 7.4789
0 24 317 7.20546
0 24 318 8.38515
0 24 319 8.34608
0 24 320 15.7914
0 24 321 13.2836
0 24 322 15.4242
0 24 323 16.1976
0 24 324 10.9164
0 24 325 12.0883
0 24 326 4.1039
0 24 327 8.15077
0 24 328 4.34608
0 24 329 2.95546
0 24 330 1.19765
0 24 331 14.3695
0 24 332 7.12733
0 24 333 -6.26329
0 24 334 -4.46642
0 24 335 -1.85704
0 24 336 -0.661729
0 24 337 0.0492086
0 24 338 4.98671
0 24 339 -1.80235
0 24 340 6.86171
0 24 341 5.40077
0 24 342 0.978896
0 24 343 -3.76329
0 24 344 -1.57579
0 24 345 -8.13829
0 24 346 -13.4195
0 24 347 3.59608
0 24 348 -1.70079
0 24 349 7.33827
0 24 350 2.46327
0 24 351 1.6039
0 24 352 4.6039
0 24 353 4.73671
0 24 354 -2.38829
0 24 355 -7.30235
0 24 356 0.377334
0 24 357 -9.73204
0 24 358 -1.31798
0 24 359 6.22108
0 24 360 2.12733
0 24 361 -5.54454
0 24 362 -3.07579
0 24 363 -5.2086
0 24 364 4.1664
0 24 365 -14.4508
0 24 366 -4.7711
0 24 367 -1.43517
0 24 368 -6.94298
0 24 369 -6.23985
0 24 370 4.51796
0 24 371 0.666396
0 24 372 1.23671
0 24 373 2.2914
0 24 374 10.0258
0 24 375 4.68202
0 24 376 11.6117
0 24 377 3.92421
0 24 378 6.6664
0 24 379 -2.43517
0 24 380 6.46327
0 24 381 4.0414
0 24 382 3.2289
0 24 383 0.135146
0 24 384 1.32265
0 24 385 -15.0602
0 24 386 5.78358
0 24 387 -2.30235
0 24 388 8.03358
0 24 389 4.09608
0 24 390 -1.59142
0 24 391 7.01015
0 24 392 4.07265
0 24 393 -0.997666
0 24 394 3.48671
0 24 395 6.89296
0 24 396 -2.31798
0 24 397 -1.42735
0 24 398 0.291396
0 24 399 4.39296
0 24 400 -3.48985
0 24 401 -1.23204
0 24 402 -6.04454
0 24 403 0.557021
0 24 404 5.97108
0 24 405 -8.9586
0 24 406 4.03358
0 24 407 1.83046
0 24 408 4.18202
0 24 409 6.11171
0 24 410 1.36952
0 24 411 -6.84923
0 24 412 -0.583604
0 24 413 8.7914
0 24 414 4.4789
0 24 415 -11.0133
0 24 416 -2.2711
0 24 417 4.70546
0 24 418 -4.26329
0 24 419 -5.12267
0 24 420 0.705459
0 24 421 4.54921
0 24 422 -14.318
0 24 423 -2.7711
0 24 424 3.1039
0 24 425 0.525771
0 24 426 4.47108
0 24 427 -0.708604
0 24 428 -9.63048
0 24 429 -1.15392
0 24 430 5.87733
0 24 431 4.42421
0 24 432 -1.25548
0 24 433 6.27577
0 24 434 -1.23985
0 24 435 3.61171
0 24 436 -4.2086
0 24 437 5.51796
0 24 438 -1.87267
0 24 439 -0.872666
0 24 440 0.635146
0 24 441 10.0101
0 24 442 -2.96642
0 24 443 -1.16173
0 24 444 -1.77892
0 24 445 -2.87267
0 24 446 5.28358
0 24 447 -5.18517
0 24 448 -0.388291
0 24 449 -4.68517
0 24 450 0.502334
0 24 451 -2.87267
0 24 452 -7.16954
0 24 453 5.96327
0 24 454 -5.6461
0 24 455 -4.25548
0 24 456 -5.32579
0 24 457 2.70546
0 24 458 -4.79454
0 24 459 -2.95079
0 24 460 0.182021
0 24 461 9.37733
0 24 462 -6.49767
0 24 463 0.525771
0 24 464 0.963271
0 24 465 2.67421
0 24 466 1.43202
0 24 467 3.65858
0 24 468 -5.0211
0 24 469 1.43983
0 24 470 2.29921
0 24 471 11.018
0 24 472 0.478896
0 24 473 3.02577
0 24 474 13.9945
0 24 475 -1.73204
0 24 476 6.26015
0 24 477 0.557021
0 24 478 4.25233
0 24 479 5.26796
0 24 480 2.61171
0 24 481 0.142959
0 24 482 4.63515
0 24 483 -2.5211
0 24 484 -0.802354
0 24 485 8.56483
0 24 486 0.994521
0 24 487 2.45546
0 24 488 -2.06798
0 24 489 -2.25548
0 24 490 0.807021
0 24 491 -8.22423
0 24 492 2.36952
0 24 493 3.51796
0 24 494 2.11952
0 24 495 2.00233
0 24 496 2.33046
0 24 497 1.4789
0 24 498 3.11952
0 24 499 -2.24767
0 24 500 -2.66954
0 24 501 3.6664
0 24 502 5.29921
0 24 503 3.2914
0 24 504 1.33046
0 24 505 3.6039
0 24 506 -1.38829
0 24 507 -2.00548
0 24 508 -5.61485
0 24 509 4.55702
0 24 510 2.33046
0 24 511 5.46327
