0 19 1 -0.776177
0 19 2 0.0363231
0 19 3 1.0246
0 19 4 -1.71368
0 19 5 -0.401177
0 19 6 -1.21368
0 19 7 0.0128856
0 19 8 0.837104
0 19 9 -0.776177
0 19 10 1.75898
0 19 11 -1.08086
0 19 12 -2.49883
0 19 13 -0.920708
0 19 14 -0.705864
0 19 15 -0.858208
0 19 16 1.51289
0 19 17 -0.541802
0 19 18 -1.00665
0 19 19 0.337104
0 19 20 -0.608208
0 19 21 0.712104
0 19 22 -0.971489
0 19 23 0.809761
0 19 24 0.364448
0 19 25 2.81757
0 19 26 -0.143364
0 19 27 0.481636
0 19 28 1.85664
0 19 29 0.860542
0 19 30 1.80195
0 19 31 0.454292
0 19 32 -0.377739
0 19 33 3.2121
0 19 34 1.35273
0 19 35 0.798042
0 19 36 -0.643364
0 19 37 -0.850396
0 19 38 1.53242
0 19 39 0.0714793
0 19 40 -0.830864
0 19 41 0.102729
0 19 42 -3.59258
0 19 43 1.5871
0 19 44 -0.912896
0 19 45 -3.65508
0 19 46 0.184761
0 19 47 0.423042
0 19 48 -0.467583
0 19 49 -1.74493
0 19 50 0.844917
0 19 51 -0.326958
0 19 52 -0.561333
0 19 53 -0.553521
0 19 54 -1.67852
0 19 55 -0.905083
0 19 56 -0.170708
0 19 57 -0.584771
0 19 58 1.88007
0 19 59 1.02851
0 19 60 1.66914
0 19 61 -1.90118
0 19 62 1.69257
0 19 63 -0.104302
0 19 64 -0.721489
0 19 65 0.622261
0 19 66 3.7082
0 19 67 0.633979
0 19 68 -1.00665
0 19 69 1.86445
0 19 70 3.00507
0 19 71 0.258979
0 19 72 0.395698
0 19 73 1.45429
0 19 74 0.782417
0 19 75 -1.17461
0 19 76 0.489448
0 19 77 -1.92852
0 19 78 0.700386
0 19 79 0.438667
0 19 80 1.78632
0 19 81 -0.260552
0 19 82 0.630073
0 19 83 0.618354
0 19 84 -0.338677
0 19 85 -0.108208
0 19 86 1.2082
0 19 87 0.907417
0 19 88 3.36054
0 19 89 -0.737114
0 19 90 0.149604
0 19 91 0.602729
0 19 92 2.09101
0 19 93 1.09101
0 19 94 0.544136
0 19 95 -0.772271
0 19 96 0.977729
0 19 97 -1.26836
0 19 98 -0.448052
0 19 99 1.69257
0 19 100 1.7746
0 19 101 -0.623833
0 19 102 0.0441356
0 19 103 1.96601
0 19 104 -0.533989
0 19 105 1.81367
0 19 106 1.17695
0 19 107 -1.02618
0 19 108 1.66132
0 19 109 0.0753856
0 19 110 2.26679
0 19 111 2.37617
0 19 112 1.92695
0 19 113 2.35273
0 19 114 1.30585
0 19 115 1.86445
0 19 116 5.38398
0 19 117 3.7707
0 19 118 4.0871
0 19 119 4.86445
0 19 120 6.73554
0 19 121 6.91914
0 19 122 9.2746
0 19 123 9.87617
0 19 124 15.3996
0 19 125 12.1105
0 19 126 16.3566
0 19 127 11.7121
0 19 128 16.3723
0 19 129 14.7746
0 19 130 12.9035
0 19 131 13.0559
0 19 132 11.2473
0 19 133 9.63398
0 19 134 7.47773
0 19 135 5.10273
0 19 136 1.75507
0 19 137 4.46992
0 19 138 2.51289
0 19 139 4.79023
0 19 140 1.01289
0 19 141 0.348823
0 19 142 3.16914
0 19 143 1.2746
0 19 144 -0.666802
0 19 145 3.16132
0 19 146 2.10664
0 19 147 1.25507
0 19 148 1.01679
0 19 149 0.829292
0 19 150 2.67304
0 19 151 0.364448
0 19 152 -1.23321
0 19 153 0.212104
0 19 154 0.950386
0 19 155 0.286323
0 19 156 -1.80352
0 19 157 0.950386
0 19 158 -1.38555
0 19 159 0.309761
0 19 160 -0.0964894
0 19 161 -0.198052
0 19 162 -1.04571
0 19 163 -0.342583
0 19 164 -1.34649
0 19 165 0.821479
0 19 166 -0.0691457
0 19 167 -1.7293
0 19 168 1.75898
0 19 169 1.45039
0 19 170 1.4621
0 19 171 -1.53399
0 19 172 0.856636
0 19 173 1.28632
0 19 174 1.38789
0 19 175 0.442573
0 19 176 0.731636
0 19 177 0.966011
0 19 178 -0.916802
0 19 179 1.56367
0 19 180 1.41132
0 19 181 0.825386
0 19 182 -0.338677
0 19 183 0.298042
0 19 184 0.614448
0 19 185 -0.174614
0 19 186 -0.233208
0 19 187 1.34101
0 19 188 1.64179
0 19 189 1.70429
0 19 190 -1.57305
0 19 191 0.614448
0 19 192 0.411323
0 19 193 -0.522271
0 19 194 0.809761
0 19 195 2.60664
0 19 196 0.505073
0 19 197 -0.643364
0 19 198 0.407417
0 19 199 -2.45977
0 19 200 -0.940239
0 19 201 0.508979
0 19 202 0.0831981
0 19 203 -3.21758
0 19 204 -0.772271
0 19 205 1.41523
0 19 206 1.41523
0 19 207 0.383979
0 19 208 3.98164
0 19 209 2.45429
0 19 210 0.262886
0 19 211 -0.537896
0 19 212 -0.869927
0 19 213 0.594917
0 19 214 1.99726
0 19 215 -0.920708
0 19 216 -0.0730519
0 19 217 1.5207
0 19 218 1.54023
0 19 219 -0.0261769
0 19 220 1.36835
0 19 221 0.739448
0 19 222 0.309761
0 19 223 0.130073
0 19 224 -0.303521
0 19 225 0.434761
0 19 226 -0.0652394
0 19 227 1.82148
0 19 228 1.9582
0 19 229 -1.4793
0 19 230 -1.74883
0 19 231 -0.170708
0 19 232 0.661323
0 19 233 -1.00665
0 19 234 1.00117
0 19 235 0.505073
0 19 236 -0.362114
0 19 237 -0.291802
0 19 238 -0.557427
0 19 239 1.87226
0 19 240 -0.651177
0 19 241 -0.104302
0 19 242 0.618354
0 19 243 -0.682427
0 19 244 1.2707
0 19 245 0.528511
0 19 246 0.993354
0 19 247 -1.06524
0 19 248 -1.87383
0 19 249 0.637886
0 19 250 0.0167918
0 19 251 -0.803521
0 19 252 -1.95196
0 19 253 0.165229
0 19 254 1.46992
0 19 255 -0.807427
0 19 256 0.923042
0 19 257 1.01289
0 19 258 0.137886
0 19 259 -0.233208
0 19 260 0.809761
0 19 261 -0.573052
0 19 262 -0.229302
0 19 263 -2.4168
0 19 264 -0.319146
0 19 265 -1.61211
0 19 266 0.751167
0 19 267 -0.0886769
0 19 268 -1.23321
0 19 269 -1.38165
0 19 270 -1.55743
0 19 271 -1.3504
0 19 272 1.15351
0 19 273 -1.61211
0 19 274 1.1496
0 19 275 -2.24883
0 19 276 -0.178521
0 19 277 0.368354
0 19 278 -0.651177
0 19 279 -2.00274
0 19 280 -0.393364
0 19 281 -1.28399
0 19 282 0.434761
0 19 283 2.55195
0 19 284 -1.05743
0 19 285 1.09492
0 19 286 -1.19024
0 19 287 1.23554
0 19 288 -0.494927
0 19 289 -1.98321
0 19 290 2.48554
0 19 291 -0.881646
0 19 292 -1.09649
0 19 293 0.501167
0 19 294 1.68085
0 19 295 1.75117
0 19 296 4.15351
0 19 297 -1.44415
0 19 298 2.92304
0 19 299 3.17304
0 19 300 -0.944146
0 19 301 -0.498833
0 19 302 -0.705864
0 19 303 -0.483208
0 19 304 0.962104
0 19 305 -1.43243
0 19 306 -0.0222707
0 19 307 0.360542
0 19 308 -0.459771
0 19 309 -0.0378957
0 19 310 0.180854
0 19 311 1.71992
0 19 312 0.0324168
0 19 313 1.00117
0 19 314 1.38789
0 19 315 -1.47149
0 19 316 0.489448
0 19 317 -0.0886769
0 19 318 1.81757
0 19 319 -1.83868
0 19 320 -1.86211
0 19 321 1.93476
0 19 322 1.13007
0 19 323 -0.459771
0 19 324 -0.576958
0 19 325 -0.346489
0 19 326 -1.06524
0 19 327 -0.0222707
0 19 328 -0.713677
0 19 329 -0.944146
0 19 330 2.79023
0 19 331 0.676948
0 19 332 0.966011
0 19 333 0.696479
0 19 334 1.24726
0 19 335 -0.139458
0 19 336 0.231636
0 19 337 -2.94805
0 19 338 -1.36993
0 19 339 1.4621
0 19 340 0.317573
0 19 341 1.49335
0 19 342 1.15351
0 19 343 0.649604
0 19 344 -0.0925832
0 19 345 1.01289
0 19 346 1.18867
0 19 347 1.25898
0 19 348 -2.12774
0 19 349 -0.987114
0 19 350 -2.11993
0 19 351 0.141792
0 19 352 -0.678521
0 19 353 1.82539
0 19 354 1.11445
0 19 355 1.73945
0 19 356 0.751167
0 19 357 -2.03008
0 19 358 -1.19805
0 19 359 -0.401177
0 19 360 0.762886
0 19 361 -0.311333
0 19 362 -2.49493
0 19 363 -0.854302
0 19 364 1.88789
0 19 365 -1.33868
0 19 366 0.930854
0 19 367 0.0011668
0 19 368 -0.237114
0 19 369 1.3996
0 19 370 0.743354
0 19 371 -0.893364
0 19 372 -1.01446
0 19 373 -0.119927
0 19 374 0.891792
0 19 375 0.622261
0 19 376 -0.944146
0 19 377 1.02851
0 19 378 0.774604
0 19 379 -0.311333
0 19 380 -1.21758
0 19 381 -2.75665
0 19 382 -1.6668
0 19 383 0.0558543
0 19 384 1.16132
0 19 385 -0.803521
0 19 386 0.145698
0 19 387 -0.576958
0 19 388 -0.416802
0 19 389 1.93867
0 19 390 -2.54571
0 19 391 0.868354
0 19 392 -1.15899
0 19 393 0.157417
0 19 394 -0.705864
0 19 395 -0.881646
0 19 396 -1.0418
0 19 397 -1.82305
0 19 398 -1.96368
0 19 399 -0.608208
0 19 400 -0.244927
0 19 401 -1.39336
0 19 402 2.4582
0 19 403 -0.854302
0 19 404 2.57148
0 19 405 0.829292
0 19 406 -0.686333
0 19 407 0.911323
0 19 408 -1.90508
0 19 409 -1.7254
0 19 410 -0.674614
0 19 411 1.09101
0 19 412 -0.631646
0 19 413 -0.182427
0 19 414 0.950386
0 19 415 0.848823
0 19 416 -0.869927
0 19 417 -1.61993
0 19 418 1.66523
0 19 419 0.743354
0 19 420 -0.00273945
0 19 421 -2.99883
0 19 422 -1.63946
0 19 423 -0.307427
0 19 424 -0.780083
0 19 425 -2.18243
0 19 426 0.165229
0 19 427 -0.674614
0 19 428 0.473823
0 19 429 0.981636
0 19 430 0.0128856
0 19 431 1.34101
0 19 432 -2.19024
0 19 433 2.45039
0 19 434 -0.760552
0 19 435 0.219917
0 19 436 -0.557427
0 19 437 -1.3543
0 19 438 -0.533989
0 19 439 -1.63946
0 19 440 2.29414
0 19 441 -0.830864
0 19 442 -0.467583
0 19 443 0.153511
0 19 444 0.282417
0 19 445 -0.319146
0 19 446 -0.260552
0 19 447 0.661323
0 19 448 -1.71368
0 19 449 -0.451958
0 19 450 1.23164
0 19 451 0.208198
0 19 452 -1.96368
0 19 453 -1.30743
0 19 454 1.48554
0 19 455 -2.45977
0 19 456 -1.75274
0 19 457 1.46992
0 19 458 -1.18243
0 19 459 0.0480418
0 19 460 0.680854
0 19 461 -0.866021
0 19 462 1.67304
0 19 463 -0.506646
0 19 464 0.223823
0 19 465 -1.0379
0 19 466 -0.471489
0 19 467 0.883979
0 19 468 0.598823
0 19 469 0.602729
0 19 470 -0.0574269
0 19 471 1.10273
0 19 472 -1.04961
0 19 473 -0.182427
0 19 474 0.688667
0 19 475 -1.20586
0 19 476 0.719917
0 19 477 1.09882
0 19 478 1.31757
0 19 479 0.192573
0 19 480 0.102729
0 19 481 0.825386
0 19 482 1.98164
0 19 483 0.501167
0 19 484 -0.0730519
0 19 485 -1.48711
0 19 486 -2.53008
0 19 487 0.204292
0 19 488 0.661323
0 19 489 0.805854
0 19 490 -1.6004
0 19 491 -1.0418
0 19 492 1.50507
0 19 493 -3.83086
0 19 494 1.0207
0 19 495 0.973823
0 19 496 -0.346489
0 19 497 1.93476
0 19 498 -1.42852
0 19 499 0.309761
0 19 500 -0.151177
0 19 501 -0.487114
0 19 502 2.25117
0 19 503 1.55195
0 19 504 0.540229
0 19 505 1.32539
0 19 506 2.68867
0 19 507 -0.147271
0 19 508 1.04023
0 19 509 -0.686333
0 19 510 -0.920708
0 19 511 1.12226
