0 6 0 0.36318
0 6 1 -0.961039
0 6 2 -0.441508
0 6 3 -0.0899452
0 6 4 -2.1837
0 6 5 1.23427
0 6 6 -0.523539
0 6 7 1.79677
0 6 8 0.156149
0 6 9 3.10146
0 6 10 1.10927
0 6 11 -1.14073
0 6 12 0.67568
0 6 13 0.913961
0 6 14 1.05849
0 6 15 0.410055
0 6 16 -0.148539
0 6 17 0.83193
0 6 18 0.140524
0 6 19 -1.32041
0 6 20 0.347555
0 6 21 0.0428673
0 6 22 -0.527445
0 6 23 0.503805
0 6 24 -0.625101
0 6 25 1.0624
0 6 26 1.17568
0 6 27 -0.207133
0 6 28 1.30459
0 6 29 -1.76182
0 6 30 -1.39463
0 6 31 -0.214945
0 6 32 0.51943
0 6 33 -2.32041
0 6 34 0.245992
0 6 35 2.01162
0 6 36 -0.339945
0 6 37 0.417867
0 6 38 -0.652445
0 6 39 1.80459
0 6 40 0.0936485
0 6 41 -1.70323
0 6 42 -0.13682
0 6 43 1.35927
0 6 44 -1.1837
0 6 45 -0.336039
0 6 46 -0.589945
0 6 47 1.08584
0 6 48 1.04677
0 6 49 -0.351664
0 6 50 -1.29307
0 6 51 0.468649
0 6 52 -0.785258
0 6 53 0.441305
0 6 54 -0.63682
0 6 55 -0.968851
0 6 56 1.48818
0 6 57 1.44912
0 6 58 -1.65245
0 6 59 -0.777445
0 6 60 0.999899
0 6 61 -0.0899452
0 6 62 0.152242
0 6 63 -0.664164
0 6 64 -1.42588
0 6 65 -0.691508
0 6 66 2.08584
0 6 67 -1.58604
0 6 68 -1.98838
0 6 69 -0.839945
0 6 70 2.22646
0 6 71 1.23427
0 6 72 0.132711
0 6 73 0.11318
0 6 74 1.51943
0 6 75 -1.39463
0 6 76 -1.3712
0 6 77 0.191305
0 6 78 -0.996195
0 6 79 -0.796976
0 6 80 -1.6876
0 6 81 -1.38682
0 6 82 -0.425883
0 6 83 1.73037
0 6 84 -0.179789
0 6 85 0.171774
0 6 86 0.441305
0 6 87 0.749899
0 6 88 -0.375101
0 6 89 1.25771
0 6 90 0.757711
0 6 91 0.824117
0 6 92 -0.0157265
0 6 93 -0.507914
0 6 94 0.792867
0 6 95 1.39443
0 6 96 0.156149
0 6 97 -0.0665077
0 6 98 -0.671976
0 6 99 -0.800883
0 6 100 0.605367
0 6 101 0.167867
0 6 102 -0.91807
0 6 103 -0.125101
0 6 104 -0.109476
0 6 105 1.36318
0 6 106 0.023336
0 6 107 -1.19932
0 6 108 0.859274
0 6 109 -0.0977577
0 6 110 -0.0118202
0 6 111 0.406149
0 6 112 1.84755
0 6 113 -0.38682
0 6 114 -0.707133
0 6 115 0.355367
0 6 116 0.683492
0 6 117 -0.464945
0 6 118 0.117086
0 6 119 0.89443
0 6 120 0.320211
0 6 121 0.484274
0 6 122 -1.14073
0 6 123 1.47255
0 6 124 -1.15635
0 6 125 0.0819298
0 6 126 0.23818
0 6 127 0.273336
0 6 128 3.27724
0 6 129 2.45302
0 6 130 -1.32041
0 6 131 -0.742289
0 6 132 -1.32432
0 6 133 2.67959
0 6 134 0.382711
0 6 135 -1.32041
0 6 136 -0.925883
0 6 137 0.128805
0 6 138 -0.339945
0 6 139 -1.22666
0 6 140 1.74209
0 6 141 1.21474
0 6 142 1.57021
0 6 143 1.04287
0 6 144 0.203024
0 6 145 -0.73057
0 6 146 2.32802
0 6 147 2.01552
0 6 148 0.128805
0 6 149 1.5663
0 6 150 0.277242
0 6 151 0.339742
0 6 152 0.14443
0 6 153 0.949117
0 6 154 -0.0157265
0 6 155 1.36709
0 6 156 0.136617
0 6 157 0.843649
0 6 158 1.53505
0 6 159 1.02724
0 6 160 1.28115
0 6 161 2.28505
0 6 162 2.76943
0 6 163 1.63662
0 6 164 2.99209
0 6 165 2.48427
0 6 166 3.99599
0 6 167 5.28505
0 6 168 7.77334
0 6 169 11.0311
0 6 170 11.6327
0 6 171 11.9218
0 6 172 15.7733
0 6 173 19.5936
0 6 174 21.0077
0 6 175 23.6913
0 6 176 23.578
0 6 177 23.3397
0 6 178 20.6991
0 6 179 20.6835
0 6 180 17.664
0 6 181 18.1718
0 6 182 17.3632
0 6 183 16.4335
0 6 184 13.7968
0 6 185 14.8397
0 6 186 9.66396
0 6 187 7.41005
0 6 188 6.58193
0 6 189 5.78505
0 6 190 4.76552
0 6 191 2.71084
0 6 192 3.2499
0 6 193 3.42177
0 6 194 1.64052
0 6 195 1.67568
0 6 196 1.02334
0 6 197 1.28896
0 6 198 1.27334
0 6 199 1.02334
0 6 200 0.0780235
0 6 201 1.17959
0 6 202 1.70693
0 6 203 -0.98057
0 6 204 -0.921976
0 6 205 -0.550883
0 6 206 1.57021
0 6 207 1.34365
0 6 208 2.01162
0 6 209 0.687399
0 6 210 1.7499
0 6 211 0.710836
0 6 212 0.847555
0 6 213 1.17959
0 6 214 0.351461
0 6 215 -0.308695
0 6 216 -0.0274452
0 6 217 -0.23057
0 6 218 1.30459
0 6 219 1.46084
0 6 220 -0.679789
0 6 221 -1.14463
0 6 222 -0.843851
0 6 223 0.804586
0 6 224 0.80068
0 6 225 1.38662
0 6 226 0.179586
0 6 227 0.273336
0 6 228 -0.433695
0 6 229 -0.144633
0 6 230 -0.191508
0 6 231 0.230367
0 6 232 2.07021
0 6 233 -0.781351
0 6 234 0.160055
0 6 235 -1.33995
0 6 236 0.398336
0 6 237 -2.05479
0 6 238 -1.04698
0 6 239 -1.01182
0 6 240 0.187399
0 6 241 -0.523539
0 6 242 -0.000101461
0 6 243 -0.285258
0 6 244 1.16787
0 6 245 0.554586
0 6 246 -0.0938515
0 6 247 -1.16807
0 6 248 -0.308695
0 6 249 0.0780235
0 6 250 -0.582133
0 6 251 -1.23448
0 6 252 -0.070414
0 6 253 -0.597758
0 6 254 -0.343851
0 6 255 0.589742
0 6 256 0.410055
0 6 257 -0.656351
0 6 258 1.10537
0 6 259 -1.53526
0 6 260 -0.347758
0 6 261 -3.17979
0 6 262 -0.648539
0 6 263 -0.648539
0 6 264 0.742086
0 6 265 1.01552
0 6 266 -1.75791
0 6 267 -0.812601
0 6 268 -1.07432
0 6 269 -0.351664
0 6 270 -0.746195
0 6 271 -0.754008
0 6 272 0.617086
0 6 273 -0.519633
0 6 274 -1.08604
0 6 275 1.53115
0 6 276 1.15224
0 6 277 0.160055
0 6 278 0.324117
0 6 279 0.11318
0 6 280 2.29677
0 6 281 1.76552
0 6 282 -0.589945
0 6 283 1.1913
0 6 284 -0.265726
0 6 285 0.0116173
0 6 286 1.23037
0 6 287 0.542867
0 6 288 0.183492
0 6 289 0.328024
0 6 290 0.0350548
0 6 291 0.347555
0 6 292 -0.879008
0 6 293 -0.308695
0 6 294 0.0506798
0 6 295 1.35146
0 6 296 0.249899
0 6 297 0.749899
0 6 298 -0.144633
0 6 299 -0.836039
0 6 300 1.26162
0 6 301 -1.0626
0 6 302 -0.129008
0 6 303 0.937399
0 6 304 -0.023539
0 6 305 2.42959
0 6 306 -1.98057
0 6 307 0.437399
0 6 308 2.6288
0 6 309 -0.941508
0 6 310 1.59755
0 6 311 -0.554789
0 6 312 1.67568
0 6 313 -1.17588
0 6 314 -1.29307
0 6 315 1.63662
0 6 316 1.08584
0 6 317 0.30068
0 6 318 0.70693
0 6 319 -0.257914
0 6 320 0.191305
0 6 321 -0.183695
0 6 322 0.038961
0 6 323 -1.88291
0 6 324 -0.0118202
0 6 325 -1.75401
0 6 326 -3.04698
0 6 327 0.663961
0 6 328 0.038961
0 6 329 0.98818
0 6 330 0.816305
0 6 331 1.63662
0 6 332 0.699117
0 6 333 0.0272423
0 6 334 0.402242
0 6 335 -1.48448
0 6 336 -0.476664
0 6 337 -0.23057
0 6 338 0.0506798
0 6 339 -1.27745
0 6 340 0.499899
0 6 341 0.835836
0 6 342 -0.410258
0 6 343 0.109274
0 6 344 -0.289164
0 6 345 1.42177
0 6 346 -0.125101
0 6 347 -0.527445
0 6 348 -0.390726
0 6 349 -0.171976
0 6 350 0.667867
0 6 351 -0.0508827
0 6 352 -0.828226
0 6 353 -0.433695
0 6 354 -0.382914
0 6 355 1.65224
0 6 356 -1.08213
0 6 357 -0.0977577
0 6 358 -0.488383
0 6 359 0.718649
0 6 360 -0.796976
0 6 361 1.30849
0 6 362 0.0623985
0 6 363 0.42568
0 6 364 -0.226664
0 6 365 -0.48057
0 6 366 1.02724
0 6 367 -1.99229
0 6 368 0.26943
0 6 369 -0.152445
0 6 370 1.66787
0 6 371 0.339742
0 6 372 0.597555
0 6 373 -0.175883
0 6 374 -1.11729
0 6 375 1.42568
0 6 376 0.304586
0 6 377 -1.57041
0 6 378 0.773336
0 6 379 -1.01963
0 6 380 -0.296976
0 6 381 -0.316508
0 6 382 -0.300883
0 6 383 -0.140726
0 6 384 -1.61338
0 6 385 1.36709
0 6 386 -0.562601
0 6 387 -1.03916
0 6 388 -1.06651
0 6 389 -0.828226
0 6 390 -1.33604
0 6 391 -1.0626
0 6 392 0.761617
0 6 393 -0.152445
0 6 394 -0.808695
0 6 395 -1.55479
0 6 396 -0.343851
0 6 397 -1.32432
0 6 398 -0.726664
0 6 399 0.61318
0 6 400 1.1249
0 6 401 -0.675883
0 6 402 -0.898539
0 6 403 -0.382914
0 6 404 0.714742
0 6 405 1.40224
0 6 406 0.55068
0 6 407 0.324117
0 6 408 -1.36338
0 6 409 1.1913
0 6 410 1.07021
0 6 411 1.60146
0 6 412 0.308492
0 6 413 -0.281351
0 6 414 -1.7462
0 6 415 1.2538
0 6 416 0.374899
0 6 417 -3.46495
0 6 418 -0.113383
0 6 419 0.785055
0 6 420 0.195211
0 6 421 -0.109476
0 6 422 -0.269633
0 6 423 -0.332133
0 6 424 1.50771
0 6 425 -0.812601
0 6 426 -0.507914
0 6 427 0.382711
0 6 428 0.554586
0 6 429 0.038961
0 6 430 0.992086
0 6 431 -0.13682
0 6 432 -0.476664
0 6 433 -0.35557
0 6 434 0.636617
0 6 435 -0.88682
0 6 436 -0.304789
0 6 437 0.890524
0 6 438 -0.558695
0 6 439 -0.988383
0 6 440 -1.02354
0 6 441 0.995992
0 6 442 -0.890726
0 6 443 0.324117
0 6 444 0.316305
0 6 445 -0.433695
0 6 446 -1.09385
0 6 447 0.023336
0 6 448 -1.39073
0 6 449 -1.4376
0 6 450 -0.0469765
0 6 451 1.32412
0 6 452 -0.164164
0 6 453 1.89834
0 6 454 0.0155235
0 6 455 1.1874
0 6 456 -0.296976
0 6 457 -0.656351
0 6 458 0.0975548
0 6 459 1.1913
0 6 460 -0.468851
0 6 461 0.285055
0 6 462 1.33584
0 6 463 -0.125101
0 6 464 0.230367
0 6 465 -0.164164
0 6 466 0.203024
0 6 467 0.023336
0 6 468 0.17568
0 6 469 -0.609476
0 6 470 1.24209
0 6 471 -0.175883
0 6 472 0.51943
0 6 473 -1.79307
0 6 474 2.17177
0 6 475 -1.36729
0 6 476 -1.77354
0 6 477 -1.30088
0 6 478 1.19521
0 6 479 1.11709
0 6 480 -0.113383
0 6 481 2.59755
0 6 482 0.437399
0 6 483 -1.53135
0 6 484 -1.8712
0 6 485 -0.160258
0 6 486 1.9413
0 6 487 0.00380479
0 6 488 0.023336
0 6 489 0.499899
0 6 490 -0.558695
0 6 491 0.0663048
0 6 492 1.3124
0 6 493 -0.507914
0 6 494 -1.15635
0 6 495 0.76943
0 6 496 0.257711
0 6 497 0.312399
0 6 498 1.03896
0 6 499 0.105367
0 6 500 0.535055
0 6 501 -0.101664
0 6 502 -1.48448
0 6 503 -0.91807
0 6 504 0.464742
0 6 505 1.89834
0 6 506 -0.129008
0 6 507 -0.656351
0 6 508 1.22646
0 6 509 -0.0430702
0 6 510 1.6249
0 6 511 0.714742
