0 4 0 0.468699
0 4 1 -2.17583
0 4 2 -2.58208
0 4 3 -2.32036
0 4 4 0.374949
0 4 5 -0.570363
0 4 6 -2.56255
0 4 7 0.339793
0 4 8 1.97651
0 4 9 -2.69146
0 4 10 -1.09771
0 4 11 -3.19927
0 4 12 1.19136
0 4 13 0.847606
0 4 14 -2.92583
0 4 15 -3.63677
0 4 16 -0.105519
0 4 17 -0.343801
0 4 18 -0.261769
0 4 19 -2.07036
0 4 20 -1.46489
0 4 21 -2.17193
0 4 22 1.76948
0 4 23 -2.49224
0 4 24 -0.0859882
0 4 25 -1.45708
0 4 26 -2.04302
0 4 27 1.14839
0 4 28 -3.49614
0 4 29 -1.82036
0 4 30 0.867137
0 4 31 -0.597707
0 4 32 -1.99614
0 4 33 1.98432
0 4 34 -0.668019
0 4 35 1.87104
0 4 36 -2.81646
0 4 37 -0.394582
0 4 38 -2.91411
0 4 39 5.18354
0 4 40 -0.531301
0 4 41 -1.58599
0 4 42 -1.91021
0 4 43 0.542918
0 4 44 0.00385552
0 4 45 0.347606
0 4 46 1.68745
0 4 47 1.27339
0 4 48 -0.773488
0 4 49 -0.410207
0 4 50 -1.32427
0 4 51 1.67182
0 4 52 3.44917
0 4 53 -0.503957
0 4 54 2.3437
0 4 55 0.179637
0 4 56 0.863231
0 4 57 2.34761
0 4 58 -1.83599
0 4 59 -1.05474
0 4 60 -0.453176
0 4 61 0.593699
0 4 62 -1.85943
0 4 63 3.46089
0 4 64 2.47651
0 4 65 3.77339
0 4 66 -1.96099
0 4 67 -1.46489
0 4 68 1.12104
0 4 69 2.88276
0 4 70 0.730418
0 4 71 0.929637
0 4 72 -3.51568
0 4 73 -0.281301
0 4 74 0.843699
0 4 75 1.95698
0 4 76 0.671824
0 4 77 2.11714
0 4 78 -0.863332
0 4 79 -0.0898945
0 4 80 3.06636
0 4 81 1.18354
0 4 82 3.06636
0 4 83 2.76557
0 4 84 3.42182
0 4 85 1.88276
0 4 86 1.51167
0 4 87 0.734324
0 4 88 -0.148488
0 4 89 2.70698
0 4 90 3.04292
0 4 91 2.76167
0 4 92 1.20698
0 4 93 2.81245
0 4 94 2.61323
0 4 95 5.75386
0 4 96 3.21089
0 4 97 -1.41802
0 4 98 -0.480519
0 4 99 -1.24224
0 4 100 2.16401
0 4 101 2.10151
0 4 102 0.691356
0 4 103 -0.304738
0 4 104 1.99995
0 4 105 2.41792
0 4 106 1.30854
0 4 107 2.92964
0 4 108 0.910106
0 4 109 0.937449
0 4 110 3.55854
0 4 111 2.55854
0 4 112 3.92573
0 4 113 -0.636769
0 4 114 1.60151
0 4 115 4.90229
0 4 116 3.4687
0 4 117 0.753856
0 4 118 6.07807
0 4 119 3.44526
0 4 120 3.02729
0 4 121 3.59761
0 4 122 5.51948
0 4 123 5.45698
0 4 124 6.07807
0 4 125 7.2812
0 4 126 0.277293
0 4 127 2.27339
0 4 128 2.76948
0 4 129 -2.67583
0 4 130 1.35542
0 4 131 3.33589
0 4 132 1.45698
0 4 133 3.72651
0 4 134 3.43354
0 4 135 4.19917
0 4 136 0.988231
0 4 137 3.18745
0 4 138 4.16792
0 4 139 3.39057
0 4 140 2.12495
0 4 141 6.8437
0 4 142 6.37495
0 4 143 10.871
0 4 144 4.9062
0 4 145 7.5312
0 4 146 10.7421
0 4 147 16.6406
0 4 148 16.1757
0 4 149 19.5937
0 4 150 21.457
0 4 151 24.8515
0 4 152 25.9101
0 4 153 24.9414
0 4 154 23.121
0 4 155 19.3554
0 4 156 20.1289
0 4 157 20.7382
0 4 158 18.3242
0 4 159 16.996
0 4 160 19.3281
0 4 161 15.6562
0 4 162 13.1796
0 4 163 8.14448
0 4 164 7.59761
0 4 165 10.4453
0 4 166 4.2812
0 4 167 6.2187
0 4 168 5.27729
0 4 169 4.82026
0 4 170 1.5312
0 4 171 6.58589
0 4 172 5.73042
0 4 173 5.26557
0 4 174 1.43354
0 4 175 4.51557
0 4 176 -0.0273945
0 4 177 -0.125051
0 4 178 0.777293
0 4 179 2.48823
0 4 180 2.66401
0 4 181 3.01557
0 4 182 0.144481
0 4 183 0.499949
0 4 184 1.98432
0 4 185 1.85151
0 4 186 2.00776
0 4 187 3.95698
0 4 188 4.78901
0 4 189 3.87104
0 4 190 3.64839
0 4 191 4.20698
0 4 192 2.72651
0 4 193 4.32026
0 4 194 1.08589
0 4 195 8.24214
0 4 196 4.58589
0 4 197 2.60151
0 4 198 1.80464
0 4 199 2.24604
0 4 200 1.91401
0 4 201 6.38667
0 4 202 0.976512
0 4 203 2.07417
0 4 204 4.7812
0 4 205 -1.47271
0 4 206 1.1562
0 4 207 0.281199
0 4 208 3.80854
0 4 209 0.730418
0 4 210 3.24995
0 4 211 1.17182
0 4 212 3.94917
0 4 213 2.40229
0 4 214 0.312449
0 4 215 -0.906301
0 4 216 -3.38286
0 4 217 2.32807
0 4 218 -0.117238
0 4 219 -1.02349
0 4 220 3.14839
0 4 221 0.398387
0 4 222 -0.097707
0 4 223 -0.476613
0 4 224 4.20698
0 4 225 0.714793
0 4 226 2.88276
0 4 227 2.38276
0 4 228 1.4062
0 4 229 5.27339
0 4 230 3.14057
0 4 231 -2.82818
0 4 232 -0.890676
0 4 233 1.05073
0 4 234 -1.34771
0 4 235 -0.535207
0 4 236 0.808543
0 4 237 1.70698
0 4 238 1.09761
0 4 239 1.31245
0 4 240 -3.04302
0 4 241 0.234324
0 4 242 1.35542
0 4 243 0.214793
0 4 244 -2.29302
0 4 245 -1.96489
0 4 246 2.04292
0 4 247 -0.738332
0 4 248 1.68745
0 4 249 3.00776
0 4 250 -0.601613
0 4 251 1.50776
0 4 252 1.30464
0 4 253 -3.58599
0 4 254 0.644481
0 4 255 2.79292
0 4 256 1.62495
0 4 257 0.285106
0 4 258 4.68354
0 4 259 -0.156301
0 4 260 0.796824
0 4 261 1.13276
0 4 262 -0.101613
0 4 263 -1.20708
0 4 264 1.49214
0 4 265 -0.113332
0 4 266 1.10542
0 4 267 0.386668
0 4 268 -0.019582
0 4 269 -2.52739
0 4 270 -1.84771
0 4 271 0.253856
0 4 272 -2.43364
0 4 273 -3.32036
0 4 274 -2.72271
0 4 275 -0.726613
0 4 276 0.261668
0 4 277 1.10932
0 4 278 -0.793019
0 4 279 -0.781301
0 4 280 -2.39849
0 4 281 0.042918
0 4 282 -1.26958
0 4 283 0.359324
0 4 284 -1.22271
0 4 285 -1.82036
0 4 286 -2.97661
0 4 287 -2.16802
0 4 288 0.0507305
0 4 289 3.80464
0 4 290 0.636668
0 4 291 3.09761
0 4 292 -0.800832
0 4 293 -1.48833
0 4 294 -0.390676
0 4 295 -1.77739
0 4 296 -1.72661
0 4 297 -1.37505
0 4 298 -0.082082
0 4 299 2.52729
0 4 300 -4.63677
0 4 301 -2.19146
0 4 302 2.85932
0 4 303 1.42182
0 4 304 -2.89068
0 4 305 1.10542
0 4 306 2.11323
0 4 307 1.92964
0 4 308 -0.191457
0 4 309 0.769481
0 4 310 -1.36724
0 4 311 2.06245
0 4 312 1.25386
0 4 313 -1.67583
0 4 314 2.16401
0 4 315 0.921824
0 4 316 5.08589
0 4 317 0.703074
0 4 318 1.18745
0 4 319 1.10151
0 4 320 3.79682
0 4 321 4.10151
0 4 322 3.30464
0 4 323 1.26948
0 4 324 0.027293
0 4 325 2.17964
0 4 326 3.30854
0 4 327 2.11714
0 4 328 -0.101613
0 4 329 0.398387
0 4 330 0.742137
0 4 331 1.54292
0 4 332 5.54682
0 4 333 2.49214
0 4 334 1.58198
0 4 335 0.417918
0 4 336 2.21479
0 4 337 5.84761
0 4 338 2.31636
0 4 339 0.945262
0 4 340 2.16401
0 4 341 -0.695363
0 4 342 3.16792
0 4 343 4.01557
0 4 344 1.30464
0 4 345 0.0351055
0 4 346 0.456981
0 4 347 2.70698
0 4 348 -0.0273945
0 4 349 1.57807
0 4 350 4.30073
0 4 351 2.09761
0 4 352 -0.210988
0 4 353 1.31636
0 4 354 2.80854
0 4 355 2.18745
0 4 356 4.6562
0 4 357 0.960887
0 4 358 -0.839894
0 4 359 0.0390118
0 4 360 0.531199
0 4 361 0.542918
0 4 362 2.57417
0 4 363 -0.0391132
0 4 364 0.558543
0 4 365 0.289012
0 4 366 1.61323
0 4 367 2.47261
0 4 368 1.63667
0 4 369 0.222606
0 4 370 0.320262
0 4 371 0.175731
0 4 372 1.9062
0 4 373 -0.433644
0 4 374 0.140574
0 4 375 6.23432
0 4 376 3.29292
0 4 377 2.01167
0 4 378 0.902293
0 4 379 2.55073
0 4 380 7.17182
0 4 381 3.3437
0 4 382 3.30073
0 4 383 2.60932
0 4 384 3.04292
0 4 385 5.64448
0 4 386 1.87104
0 4 387 2.81245
0 4 388 4.18354
0 4 389 4.38276
0 4 390 3.38667
0 4 391 2.77729
0 4 392 6.71479
0 4 393 3.55464
0 4 394 2.65229
0 4 395 6.5312
0 4 396 3.49995
0 4 397 0.601512
0 4 398 3.07026
0 4 399 3.41792
0 4 400 6.39839
0 4 401 1.78901
0 4 402 0.273387
0 4 403 0.0155743
0 4 404 -0.769582
0 4 405 1.87495
0 4 406 -1.55864
0 4 407 1.49995
0 4 408 3.37104
0 4 409 2.72261
0 4 410 5.42573
0 4 411 0.074168
0 4 412 2.99604
0 4 413 1.08979
0 4 414 0.410106
0 4 415 1.78511
0 4 416 1.52339
0 4 417 3.63276
0 4 418 -1.21099
0 4 419 2.35542
0 4 420 3.76948
0 4 421 1.73432
0 4 422 -0.554738
0 4 423 1.62495
0 4 424 -0.347707
0 4 425 1.98432
0 4 426 -4.30474
0 4 427 1.43745
0 4 428 2.94917
0 4 429 2.49995
0 4 430 -0.0273945
0 4 431 0.132762
0 4 432 -0.964894
0 4 433 1.14839
0 4 434 -1.70708
0 4 435 4.42573
0 4 436 0.531199
0 4 437 -2.64068
0 4 438 2.94136
0 4 439 0.460887
0 4 440 -1.02349
0 4 441 -0.523488
0 4 442 1.61714
0 4 443 -1.29302
0 4 444 3.4062
0 4 445 0.0663555
0 4 446 1.00776
0 4 447 1.08979
0 4 448 -0.625051
0 4 449 0.726512
0 4 450 1.39839
0 4 451 2.37495
0 4 452 1.89057
0 4 453 0.382762
0 4 454 3.56245
0 4 455 3.47261
0 4 456 3.9062
0 4 457 4.80854
0 4 458 2.07807
0 4 459 0.441356
0 4 460 2.20307
0 4 461 1.66011
0 4 462 4.42182
0 4 463 1.07807
0 4 464 5.20698
0 4 465 2.51948
0 4 466 3.74214
0 4 467 -3.14849
0 4 468 -0.019582
0 4 469 0.472606
0 4 470 -0.992238
0 4 471 -0.609426
0 4 472 -3.03911
0 4 473 1.27339
0 4 474 1.07026
0 4 475 3.33589
0 4 476 3.32807
0 4 477 0.117137
0 4 478 -2.62896
0 4 479 3.01557
0 4 480 2.66792
0 4 481 1.12104
0 4 482 1.44526
0 4 483 2.10932
0 4 484 0.335887
0 4 485 2.14839
0 4 486 -0.601613
0 4 487 2.2812
0 4 488 -2.68755
0 4 489 -0.980519
0 4 490 1.07417
0 4 491 -0.886769
0 4 492 -2.01177
0 4 493 1.64448
0 4 494 -1.19146
0 4 495 -2.9063
0 4 496 -0.863332
0 4 497 -2.78911
0 4 498 1.83198
0 4 499 -1.77739
0 4 500 -2.00396
0 4 501 0.660106
0 4 502 3.92573
0 4 503 0.480418
0 4 504 -4.49224
0 4 505 2.66401
0 4 506 -0.648488
0 4 507 -0.578176
0 4 508 -0.507863
0 4 509 1.94526
0 4 510 0.730418
0 4 511 -0.566457
