0 10 0 1.21667
0 10 1 -1.36145
0 10 2 -0.771611
0 10 3 0.728389
0 10 4 -1.09583
0 10 5 -0.849736
0 10 6 0.40417
0 10 7 -0.396611
0 10 8 -0.240361
0 10 9 0.634639
0 10 10 1.9237
0 10 11 0.486201
0 10 12 -0.162236
0 10 13 0.486201
0 10 14 0.861201
0 10 15 2.45886
0 10 16 0.255733
0 10 17 -0.572392
0 10 18 1.36901
0 10 19 -0.111455
0 10 20 -1.7052
0 10 21 1.33386
0 10 22 -0.451299
0 10 23 1.09948
0 10 24 0.142451
0 10 25 -0.724736
0 10 26 -1.0138
0 10 27 -0.568486
0 10 28 -1.13099
0 10 29 -0.779424
0 10 30 -1.22474
0 10 31 1.31823
0 10 32 -0.755986
0 10 33 -0.599736
0 10 34 -1.02552
0 10 35 2.6698
0 10 36 -1.28724
0 10 37 0.224483
0 10 38 -0.37708
0 10 39 0.161983
0 10 40 0.255733
0 10 41 1.78698
0 10 42 -0.482549
0 10 43 1.0487
0 10 44 -0.59583
0 10 45 0.0799513
0 10 46 0.876826
0 10 47 0.322139
0 10 48 -1.43567
0 10 49 0.0877638
0 10 50 -0.923955
0 10 51 0.419795
0 10 52 0.490108
0 10 53 -0.295049
0 10 54 0.52917
0 10 55 2.17761
0 10 56 0.759639
0 10 57 -0.72083
0 10 58 -0.0216112
0 10 59 0.158076
0 10 60 -0.380986
0 10 61 -3.00208
0 10 62 0.915889
0 10 63 1.53308
0 10 64 -0.59583
0 10 65 0.337764
0 10 66 -0.111455
0 10 67 2.75573
0 10 68 1.76355
0 10 69 -0.123174
0 10 70 -0.12708
0 10 71 -0.0997362
0 10 72 -0.0997362
0 10 73 1.84948
0 10 74 0.251826
0 10 75 0.876826
0 10 76 -0.966924
0 10 77 -2.35755
0 10 78 -1.41224
0 10 79 0.77917
0 10 80 -0.28333
0 10 81 -0.130986
0 10 82 0.0565138
0 10 83 0.548701
0 10 84 -2.34974
0 10 85 0.540889
0 10 86 0.283076
0 10 87 -0.0255175
0 10 88 -0.0919237
0 10 89 -1.03724
0 10 90 -0.826299
0 10 91 1.61511
0 10 92 0.65417
0 10 93 0.990108
0 10 94 1.4823
0 10 95 -0.416142
0 10 96 1.5487
0 10 97 -1.0177
0 10 98 0.490108
0 10 99 0.62292
0 10 100 1.22058
0 10 101 -0.548955
0 10 102 0.865108
0 10 103 0.06042
0 10 104 0.415889
0 10 105 -0.459111
0 10 106 1.02136
0 10 107 -0.611455
0 10 108 2.20105
0 10 109 1.2948
0 10 110 0.451045
0 10 111 2.05651
0 10 112 2.06433
0 10 113 0.197139
0 10 114 1.3573
0 10 115 0.71667
0 10 116 0.0838576
0 10 117 -0.34583
0 10 118 -0.892705
0 10 119 0.451045
0 10 120 0.634639
0 10 121 0.767451
0 10 122 2.26745
0 10 123 -0.115361
0 10 124 0.829951
0 10 125 1.76355
0 10 126 -0.650517
0 10 127 2.07214
0 10 128 -0.150517
0 10 129 1.70105
0 10 130 1.24401
0 10 131 1.29089
0 10 132 1.51745
0 10 133 2.45886
0 10 134 0.84167
0 10 135 2.50964
0 10 136 1.81042
0 10 137 3.19323
0 10 138 4.20495
0 10 139 4.66198
0 10 140 7.27917
0 10 141 7.70886
0 10 142 10.5018
0 10 143 8.36511
0 10 144 13.2284
0 10 145 14.3729
0 10 146 15.1815
0 10 147 16.9393
0 10 148 18.205
0 10 149 18.1151
0 10 150 17.826
0 10 151 17.4901
0 10 152 18.0995
0 10 153 19.3729
0 10 154 17.0175
0 10 155 17.1268
0 10 156 13.9198
0 10 157 12.7323
0 10 158 8.9198
0 10 159 7.09948
0 10 160 5.08776
0 10 161 4.26355
0 10 162 4.58776
0 10 163 2.70886
0 10 164 3.19323
0 10 165 1.24792
0 10 166 1.81042
0 10 167 2.78308
0 10 168 0.0526075
0 10 169 -0.0137987
0 10 170 -0.931767
0 10 171 -1.38489
0 10 172 1.90808
0 10 173 1.70495
0 10 174 0.0682326
0 10 175 -1.74817
0 10 176 2.92761
0 10 177 0.18542
0 10 178 -1.68958
0 10 179 -0.56458
0 10 180 0.251826
0 10 181 1.03308
0 10 182 -0.302861
0 10 183 -0.459111
0 10 184 0.201045
0 10 185 0.318233
0 10 186 1.19714
0 10 187 1.22058
0 10 188 0.818233
0 10 189 0.427608
0 10 190 0.329951
0 10 191 0.826045
0 10 192 -0.521611
0 10 193 -0.295049
0 10 194 -0.775517
0 10 195 0.37292
0 10 196 0.650264
0 10 197 1.03698
0 10 198 0.661983
0 10 199 0.158076
0 10 200 0.119014
0 10 201 -1.06849
0 10 202 -0.62708
0 10 203 0.107295
0 10 204 0.27917
0 10 205 -0.482549
0 10 206 -0.556767
0 10 207 0.255733
0 10 208 0.74792
0 10 209 -0.638799
0 10 210 1.72448
0 10 211 1.47839
0 10 212 -0.56458
0 10 213 0.474483
0 10 214 0.630733
0 10 215 2.39245
0 10 216 -0.115361
0 10 217 0.68542
0 10 218 -0.638799
0 10 219 -0.318486
0 10 220 1.41589
0 10 221 -1.19349
0 10 222 -0.466924
0 10 223 -0.463017
0 10 224 -0.048955
0 10 225 1.15808
0 10 226 -1.22083
0 10 227 -2.17005
0 10 228 -0.170049
0 10 229 1.18151
0 10 230 -1.52942
0 10 231 -0.447392
0 10 232 -0.365361
0 10 233 -0.423955
0 10 234 0.509639
0 10 235 -0.896611
0 10 236 0.763545
0 10 237 1.17761
0 10 238 -0.0372362
0 10 239 -0.607549
0 10 240 -1.56458
0 10 241 0.306514
0 10 242 0.49792
0 10 243 -0.474736
0 10 244 1.28698
0 10 245 0.49792
0 10 246 1.05651
0 10 247 0.345576
0 10 248 -1.25208
0 10 249 0.806514
0 10 250 -0.412236
0 10 251 -1.09583
0 10 252 1.27917
0 10 253 -0.634892
0 10 254 1.04089
0 10 255 0.744014
0 10 256 -0.361455
0 10 257 0.536983
0 10 258 -0.849736
0 10 259 -1.05286
0 10 260 -1.11145
0 10 261 1.22058
0 10 262 -0.00989245
0 10 263 1.74401
0 10 264 0.283076
0 10 265 -0.412236
0 10 266 0.345576
0 10 267 -2.39661
0 10 268 0.361201
0 10 269 -1.99036
0 10 270 -0.849736
0 10 271 -0.22083
0 10 272 -0.955205
0 10 273 1.44323
0 10 274 -0.185674
0 10 275 0.34167
0 10 276 0.990108
0 10 277 1.0448
0 10 278 2.29089
0 10 279 -0.806767
0 10 280 -0.232549
0 10 281 0.611201
0 10 282 0.345576
0 10 283 -1.50599
0 10 284 -0.873174
0 10 285 -0.115361
0 10 286 0.744014
0 10 287 0.286983
0 10 288 0.689326
0 10 289 -0.0137987
0 10 290 -0.197392
0 10 291 -0.244267
0 10 292 -2.45911
0 10 293 1.9198
0 10 294 0.755733
0 10 295 0.544795
0 10 296 0.37292
0 10 297 -0.431767
0 10 298 0.283076
0 10 299 1.28308
0 10 300 1.59948
0 10 301 -1.08411
0 10 302 1.00183
0 10 303 0.0721388
0 10 304 0.650264
0 10 305 -0.0528612
0 10 306 1.59948
0 10 307 -1.58802
0 10 308 -0.338017
0 10 309 1.20495
0 10 310 -0.556767
0 10 311 -0.50208
0 10 312 0.822139
0 10 313 1.13855
0 10 314 -0.568486
0 10 315 -0.584111
0 10 316 0.939326
0 10 317 1.26355
0 10 318 -1.17786
0 10 319 -1.31067
0 10 320 -0.228642
0 10 321 -0.115361
0 10 322 0.599483
0 10 323 -1.11927
0 10 324 -0.0411425
0 10 325 0.986201
0 10 326 0.521358
0 10 327 -0.123174
0 10 328 -0.326299
0 10 329 0.474483
0 10 330 1.79089
0 10 331 0.486201
0 10 332 0.540889
0 10 333 0.204951
0 10 334 0.236201
0 10 335 -1.02552
0 10 336 1.09948
0 10 337 2.14245
0 10 338 -0.732549
0 10 339 0.181514
0 10 340 1.89245
0 10 341 1.08776
0 10 342 0.744014
0 10 343 1.68542
0 10 344 1.29089
0 10 345 1.15808
0 10 346 0.525264
0 10 347 -0.142705
0 10 348 -0.93958
0 10 349 0.294795
0 10 350 0.443233
0 10 351 -0.267705
0 10 352 -0.193486
0 10 353 0.763545
0 10 354 -0.830205
0 10 355 -0.884892
0 10 356 1.22839
0 10 357 0.255733
0 10 358 -0.75208
0 10 359 2.15417
0 10 360 1.43933
0 10 361 1.08776
0 10 362 -0.705205
0 10 363 -0.93958
0 10 364 0.0760451
0 10 365 1.07605
0 10 366 1.41198
0 10 367 0.431514
0 10 368 0.783076
0 10 369 0.915889
0 10 370 0.630733
0 10 371 1.24011
0 10 372 -1.38489
0 10 373 -0.416142
0 10 374 1.46667
0 10 375 0.427608
0 10 376 0.0174513
0 10 377 0.0408888
0 10 378 1.20495
0 10 379 0.689326
0 10 380 0.0799513
0 10 381 -0.423955
0 10 382 0.013545
0 10 383 1.12683
0 10 384 -0.384892
0 10 385 1.05261
0 10 386 -1.77161
0 10 387 2.16589
0 10 388 1.54089
0 10 389 -0.166142
0 10 390 -0.244267
0 10 391 1.11901
0 10 392 -0.673955
0 10 393 0.21667
0 10 394 1.03308
0 10 395 0.255733
0 10 396 0.263545
0 10 397 -0.509892
0 10 398 0.712764
0 10 399 -0.767705
0 10 400 -0.505986
0 10 401 1.24792
0 10 402 0.658076
0 10 403 1.27526
0 10 404 -0.263799
0 10 405 -0.0958299
0 10 406 -0.68958
0 10 407 -0.181767
0 10 408 0.46667
0 10 409 -0.47083
0 10 410 -0.951299
0 10 411 -0.388799
0 10 412 -0.31458
0 10 413 -0.173955
0 10 414 -1.94739
0 10 415 -0.525517
0 10 416 0.361201
0 10 417 -0.78333
0 10 418 0.548701
0 10 419 -0.830205
0 10 420 -1.72083
0 10 421 0.271358
0 10 422 -0.525517
0 10 423 -1.40442
0 10 424 0.71667
0 10 425 -0.709111
0 10 426 0.12292
0 10 427 0.201045
0 10 428 -0.685674
0 10 429 0.525264
0 10 430 0.294795
0 10 431 1.40808
0 10 432 -0.213017
0 10 433 -1.29114
0 10 434 -2.71302
0 10 435 -0.416142
0 10 436 0.509639
0 10 437 1.18933
0 10 438 1.25964
0 10 439 0.134639
0 10 440 -0.463017
0 10 441 0.0838576
0 10 442 0.447139
0 10 443 -1.11536
0 10 444 -2.08802
0 10 445 1.33386
0 10 446 0.626826
0 10 447 1.28698
0 10 448 -1.05286
0 10 449 -0.0294237
0 10 450 -1.48645
0 10 451 -0.03333
0 10 452 0.0721388
0 10 453 0.826045
0 10 454 -0.68958
0 10 455 0.540889
0 10 456 0.204951
0 10 457 -1.68567
0 10 458 -0.78333
0 10 459 -0.431767
0 10 460 -0.142705
0 10 461 -1.29505
0 10 462 0.427608
0 10 463 0.482295
0 10 464 -0.0723924
0 10 465 0.494014
0 10 466 1.00573
0 10 467 0.611201
0 10 468 -0.15833
0 10 469 -0.955205
0 10 470 1.03698
0 10 471 -0.388799
0 10 472 -0.638799
0 10 473 -1.3302
0 10 474 2.05651
0 10 475 -0.334111
0 10 476 -0.248174
0 10 477 0.540889
0 10 478 -1.37317
0 10 479 -0.330205
0 10 480 0.169795
0 10 481 0.931514
0 10 482 0.411983
0 10 483 -1.2638
0 10 484 -0.459111
0 10 485 0.525264
0 10 486 -1.4513
0 10 487 0.349483
0 10 488 -0.248174
0 10 489 0.552608
0 10 490 -1.05286
0 10 491 1.34558
0 10 492 0.87292
0 10 493 0.677608
0 10 494 0.165889
0 10 495 -0.607549
0 10 496 -0.572392
0 10 497 0.0721388
0 10 498 -0.494267
0 10 499 0.119014
0 10 500 -0.353642
0 10 501 1.80261
0 10 502 0.548701
0 10 503 1.68933
0 10 504 -0.673955
0 10 505 1.01745
0 10 506 0.650264
0 10 507 -0.548955
0 10 508 2.13073
0 10 509 -0.806767
0 10 510 1.60339
0 10 511 -0.701299
