0 3 0 1.3056
0 3 1 3.87201
0 3 2 1.71966
0 3 3 1.78607
0 3 4 4.91107
0 3 5 -0.538149
0 3 6 -0.526431
0 3 7 2.57904
0 3 8 1.9931
0 3 9 1.20404
0 3 10 0.582944
0 3 11 5.03216
0 3 12 2.6806
0 3 13 0.176694
0 3 14 3.33685
0 3 15 3.70013
0 3 16 1.65326
0 3 17 1.11029
0 3 18 1.91107
0 3 19 -0.506899
0 3 20 3.13373
0 3 21 6.14544
0 3 22 -1.47956
0 3 23 4.58294
0 3 24 2.69232
0 3 25 0.469663
0 3 26 -0.538149
0 3 27 1.46966
0 3 28 1.31341
0 3 29 2.62201
0 3 30 4.92279
0 3 31 4.32513
0 3 32 0.985288
0 3 33 4.20013
0 3 34 -0.866274
0 3 35 -1.24127
0 3 36 0.500913
0 3 37 0.473569
0 3 38 2.71576
0 3 39 3.71185
0 3 40 4.02435
0 3 41 3.84466
0 3 42 6.98919
0 3 43 1.48138
0 3 44 1.94232
0 3 45 5.69232
0 3 46 2.77435
0 3 47 -0.620181
0 3 48 -1.56549
0 3 49 2.02435
0 3 50 5.61419
0 3 51 0.965757
0 3 52 1.62982
0 3 53 1.84076
0 3 54 0.196226
0 3 55 0.567319
0 3 56 0.133726
0 3 57 2.92669
0 3 58 0.547788
0 3 59 -0.124087
0 3 60 3.52826
0 3 61 0.551694
0 3 62 7.50873
0 3 63 3.57513
0 3 64 3.33685
0 3 65 0.938413
0 3 66 3.09076
0 3 67 4.63373
0 3 68 3.04779
0 3 69 -3.36627
0 3 70 -0.385806
0 3 71 -1.33502
0 3 72 1.07904
0 3 73 2.74701
0 3 74 2.06732
0 3 75 1.41107
0 3 76 -2.42487
0 3 77 -2.43268
0 3 78 1.34076
0 3 79 0.270444
0 3 80 3.91888
0 3 81 -2.15534
0 3 82 -4.27252
0 3 83 -1.97174
0 3 84 -4.05377
0 3 85 3.38763
0 3 86 -7.22174
0 3 87 1.04779
0 3 88 0.332944
0 3 89 -0.944399
0 3 90 -1.58502
0 3 91 -2.31549
0 3 92 -0.577212
0 3 93 -1.0069
0 3 94 -0.174868
0 3 95 -2.06159
0 3 96 0.0360694
0 3 97 -0.686587
0 3 98 -6.59674
0 3 99 0.473569
0 3 100 -1.1944
0 3 101 -1.65924
0 3 102 -0.764712
0 3 103 1.34857
0 3 104 -0.846743
0 3 105 2.27826
0 3 106 0.575132
0 3 107 -1.43268
0 3 108 2.01263
0 3 109 -0.706118
0 3 110 -1.03424
0 3 111 2.27826
0 3 112 0.289976
0 3 113 2.31732
0 3 114 -6.21784
0 3 115 4.77435
0 3 116 3.12201
0 3 117 4.29779
0 3 118 5.67669
0 3 119 -1.26081
0 3 120 0.715757
0 3 121 0.801694
0 3 122 1.35248
0 3 123 3.36029
0 3 124 5.81732
0 3 125 0.825132
0 3 126 1.64544
0 3 127 1.87982
0 3 128 0.477476
0 3 129 -0.284243
0 3 130 3.98919
0 3 131 2.66107
0 3 132 1.85248
0 3 133 5.07904
0 3 134 1.91888
0 3 135 1.11419
0 3 136 0.887632
0 3 137 3.20404
0 3 138 1.45013
0 3 139 4.53607
0 3 140 1.71185
0 3 141 1.79779
0 3 142 5.89935
0 3 143 5.87591
0 3 144 3.7431
0 3 145 -0.514712
0 3 146 3.1181
0 3 147 5.82904
0 3 148 4.70794
0 3 149 5.65716
0 3 150 8.22357
0 3 151 7.95794
0 3 152 -0.174868
0 3 153 5.44232
0 3 154 4.25482
0 3 155 1.67279
0 3 156 4.15716
0 3 157 7.62982
0 3 158 4.32513
0 3 159 5.62591
0 3 160 2.82904
0 3 161 3.47357
0 3 162 2.96966
0 3 163 3.35638
0 3 164 7.90716
0 3 165 2.86419
0 3 166 1.13763
0 3 167 3.06341
0 3 168 2.70013
0 3 169 2.71185
0 3 170 5.43841
0 3 171 2.52826
0 3 172 -0.752993
0 3 173 0.977476
0 3 174 -0.276431
0 3 175 0.668882
0 3 176 -2.16706
0 3 177 0.887632
0 3 178 0.586851
0 3 179 3.17279
0 3 180 -1.91315
0 3 181 -0.342837
0 3 182 -4.42877
0 3 183 1.45404
0 3 184 -0.792056
0 3 185 -0.0693993
0 3 186 2.61029
0 3 187 2.16498
0 3 188 0.555601
0 3 189 -1.26081
0 3 190 1.82513
0 3 191 2.17669
0 3 192 4.09466
0 3 193 5.59076
0 3 194 3.5556
0 3 195 3.48138
0 3 196 1.88763
0 3 197 0.196226
0 3 198 -1.18268
0 3 199 2.51654
0 3 200 3.76263
0 3 201 1.01263
0 3 202 4.18841
0 3 203 -1.74127
0 3 204 4.22748
0 3 205 6.08294
0 3 206 4.67279
0 3 207 1.97357
0 3 208 2.36029
0 3 209 3.4931
0 3 210 1.71185
0 3 211 3.87982
0 3 212 6.33294
0 3 213 4.10248
0 3 214 2.37982
0 3 215 1.80169
0 3 216 5.38373
0 3 217 2.57904
0 3 218 5.41107
0 3 219 1.47357
0 3 220 2.41888
0 3 221 4.08294
0 3 222 2.21185
0 3 223 2.40326
0 3 224 4.94232
0 3 225 2.96185
0 3 226 3.15326
0 3 227 4.20404
0 3 228 2.16888
0 3 229 5.65716
0 3 230 5.39154
0 3 231 2.27826
0 3 232 2.88373
0 3 233 3.24701
0 3 234 -0.428774
0 3 235 5.42279
0 3 236 1.3681
0 3 237 4.03998
0 3 238 5.14154
0 3 239 11.9267
0 3 240 8.52826
0 3 241 7.98529
0 3 242 12.4697
0 3 243 16.2626
0 3 244 12.1884
0 3 245 10.8408
0 3 246 15.4619
0 3 247 12.2314
0 3 248 13.5048
0 3 249 12.3759
0 3 250 14.0439
0 3 251 12.29
0 3 252 9.99701
0 3 253 13.997
0 3 254 9.73138
0 3 255 7.78607
0 3 256 2.50873
0 3 257 4.70794
0 3 258 2.07904
0 3 259 2.13763
0 3 260 3.23138
0 3 261 2.51654
0 3 262 1.16107
0 3 263 0.516538
0 3 264 4.58685
0 3 265 -0.342837
0 3 266 -1.10456
0 3 267 0.125913
0 3 268 4.44623
0 3 269 1.19232
0 3 270 -0.0693993
0 3 271 3.90326
0 3 272 7.03607
0 3 273 3.86029
0 3 274 3.23919
0 3 275 2.59466
0 3 276 4.1181
0 3 277 2.71576
0 3 278 3.42669
0 3 279 0.778257
0 3 280 -4.69049
0 3 281 2.86029
0 3 282 1.22748
0 3 283 2.44623
0 3 284 3.13373
0 3 285 5.61419
0 3 286 2.84466
0 3 287 1.65326
0 3 288 6.58685
0 3 289 3.02044
0 3 290 5.3056
0 3 291 -0.670962
0 3 292 6.64935
0 3 293 -0.206118
0 3 294 4.91888
0 3 295 3.57123
0 3 296 -0.233462
0 3 297 -0.975649
0 3 298 6.83294
0 3 299 2.95794
0 3 300 5.14544
0 3 301 5.47357
0 3 302 7.59466
0 3 303 4.77044
0 3 304 7.36419
0 3 305 2.03998
0 3 306 1.31732
0 3 307 2.38763
0 3 308 0.536069
0 3 309 0.911069
0 3 310 -3.02252
0 3 311 2.49701
0 3 312 6.9931
0 3 313 1.76263
0 3 314 4.50091
0 3 315 2.39154
0 3 316 2.67669
0 3 317 2.12982
0 3 318 -0.608462
0 3 319 1.83294
0 3 320 1.75873
0 3 321 -0.850649
0 3 322 -1.93268
0 3 323 -0.0537743
0 3 324 0.899351
0 3 325 -0.811587
0 3 326 -1.56549
0 3 327 -0.0147119
0 3 328 -1.82721
0 3 329 2.82513
0 3 330 -2.79206
0 3 331 -1.10456
0 3 332 -3.04206
0 3 333 -2.02643
0 3 334 -1.28424
0 3 335 -1.20612
0 3 336 -3.28424
0 3 337 0.696226
0 3 338 -1.88971
0 3 339 1.28607
0 3 340 -1.60846
0 3 341 3.42669
0 3 342 2.40326
0 3 343 0.696226
0 3 344 -2.44831
0 3 345 2.34466
0 3 346 -1.27252
0 3 347 0.0204444
0 3 348 1.00873
0 3 349 -2.10846
0 3 350 0.926694
0 3 351 0.360288
0 3 352 -2.54206
0 3 353 -2.68659
0 3 354 -1.51081
0 3 355 -0.917056
0 3 356 0.321226
0 3 357 4.62982
0 3 358 1.73529
0 3 359 -0.151431
0 3 360 5.21576
0 3 361 -0.448306
0 3 362 -0.135806
0 3 363 2.22357
0 3 364 -1.42487
0 3 365 5.29388
0 3 366 2.76263
0 3 367 0.0751319
0 3 368 1.82904
0 3 369 -0.0186181
0 3 370 -3.95221
0 3 371 3.84466
0 3 372 1.01263
0 3 373 0.625913
0 3 374 4.45013
0 3 375 1.94232
0 3 376 -2.25299
0 3 377 0.145444
0 3 378 -0.139712
0 3 379 1.07123
0 3 380 -2.16706
0 3 381 -4.37799
0 3 382 2.27044
0 3 383 -0.510806
0 3 384 -0.00689935
0 3 385 -1.68268
0 3 386 -1.19049
0 3 387 -4.44049
0 3 388 0.774351
0 3 389 -2.35065
0 3 390 5.46576
0 3 391 0.872007
0 3 392 4.89544
0 3 393 -1.17096
0 3 394 -2.11237
0 3 395 -4.62799
0 3 396 -3.60065
0 3 397 -5.36627
0 3 398 -0.600649
0 3 399 -1.35065
0 3 400 -2.77252
0 3 401 3.95404
0 3 402 1.01654
0 3 403 0.477476
0 3 404 4.40326
0 3 405 1.59466
0 3 406 2.41107
0 3 407 2.99701
0 3 408 -0.0733056
0 3 409 1.88763
0 3 410 -0.971743
0 3 411 2.2431
0 3 412 -0.444399
0 3 413 -0.565493
0 3 414 4.58294
0 3 415 -0.147524
0 3 416 0.586851
0 3 417 -0.534243
0 3 418 0.0477882
0 3 419 0.700132
0 3 420 -0.991274
0 3 421 9.79388
0 3 422 2.57513
0 3 423 -4.28034
0 3 424 5.12201
0 3 425 3.53216
0 3 426 3.60248
0 3 427 1.80169
0 3 428 -2.95612
0 3 429 2.17279
0 3 430 1.12982
0 3 431 -0.0654931
0 3 432 0.590757
0 3 433 3.61419
0 3 434 2.70404
0 3 435 -0.928774
0 3 436 2.42279
0 3 437 0.157163
0 3 438 0.508726
0 3 439 5.54779
0 3 440 3.32513
0 3 441 1.63373
0 3 442 3.86029
0 3 443 -0.350649
0 3 444 2.5556
0 3 445 2.56732
0 3 446 2.52826
0 3 447 3.12201
0 3 448 1.28216
0 3 449 0.372007
0 3 450 2.47748
0 3 451 3.17669
0 3 452 4.24701
0 3 453 0.282163
0 3 454 0.934507
0 3 455 0.164976
0 3 456 3.00482
0 3 457 -2.09674
0 3 458 2.78998
0 3 459 2.46966
0 3 460 3.47748
0 3 461 -0.0420556
0 3 462 5.8056
0 3 463 6.55951
0 3 464 2.63373
0 3 465 5.81341
0 3 466 -0.327212
0 3 467 -0.0186181
0 3 468 5.19232
0 3 469 2.57123
0 3 470 1.86419
0 3 471 3.67669
0 3 472 5.36029
0 3 473 -3.22565
0 3 474 4.41888
0 3 475 1.84076
0 3 476 0.778257
0 3 477 -1.10456
0 3 478 3.4306
0 3 479 0.629819
0 3 480 -1.66706
0 3 481 1.66498
0 3 482 2.66107
0 3 483 -0.710024
0 3 484 5.30169
0 3 485 5.01654
0 3 486 1.79779
0 3 487 3.12201
0 3 488 4.32904
0 3 489 1.69232
0 3 490 4.75873
0 3 491 2.9306
0 3 492 2.32904
0 3 493 7.00091
0 3 494 -0.741274
0 3 495 3.44232
0 3 496 3.23138
0 3 497 1.34466
0 3 498 2.67279
0 3 499 1.65326
0 3 500 1.66498
0 3 501 2.39544
0 3 502 4.22748
0 3 503 4.18451
0 3 504 3.31732
0 3 505 -1.97565
0 3 506 1.73138
0 3 507 2.11029
0 3 508 1.01263
0 3 509 -0.0186181
0 3 510 4.48138
0 3 511 3.92669
