0 8 0 0.884588
0 8 1 1.53303
0 8 2 0.376776
0 8 3 -1.1076
0 8 4 -0.994318
0 8 5 -1.52557
0 8 6 0.587713
0 8 7 -0.256037
0 8 8 0.740057
0 8 9 1.21271
0 8 10 -1.07244
0 8 11 -0.357599
0 8 12 -0.693537
0 8 13 1.15803
0 8 14 -0.0607244
0 8 15 -0.459162
0 8 16 -1.90447
0 8 17 1.29084
0 8 18 -0.623224
0 8 19 0.220526
0 8 20 -0.970881
0 8 21 -1.49432
0 8 22 -2.62322
0 8 23 0.990057
0 8 24 0.290838
0 8 25 0.880682
0 8 26 -1.19744
0 8 27 0.763494
0 8 28 0.618963
0 8 29 0.720526
0 8 30 0.470526
0 8 31 0.919744
0 8 32 -0.0333807
0 8 33 -0.0216619
0 8 34 0.107244
0 8 35 -0.623224
0 8 36 -0.838068
0 8 37 0.200994
0 8 38 0.943182
0 8 39 0.228338
0 8 40 -0.142756
0 8 41 0.220526
0 8 42 0.685369
0 8 43 -0.740412
0 8 44 1.29865
0 8 45 -0.103693
0 8 46 -1.71697
0 8 47 0.290838
0 8 48 -1.9201
0 8 49 1.02521
0 8 50 0.368963
0 8 51 -0.463068
0 8 52 -0.299006
0 8 53 -1.20916
0 8 54 -1.77557
0 8 55 1.37678
0 8 56 -1.33807
0 8 57 -0.486506
0 8 58 -0.322443
0 8 59 -0.134943
0 8 60 -1.28729
0 8 61 1.14631
0 8 62 -1.19744
0 8 63 -0.158381
0 8 64 0.447088
0 8 65 -0.451349
0 8 66 -0.924006
0 8 67 0.915838
0 8 68 0.240057
0 8 69 0.560369
0 8 70 -0.662287
0 8 71 -0.396662
0 8 72 -0.236506
0 8 73 -0.877131
0 8 74 -1.15057
0 8 75 0.540838
0 8 76 -0.287287
0 8 77 -0.0802557
0 8 78 -1.59588
0 8 79 -0.115412
0 8 80 1.42365
0 8 81 -2.33807
0 8 82 -0.0802557
0 8 83 2.33771
0 8 84 1.22834
0 8 85 -0.334162
0 8 86 1.32209
0 8 87 -0.908381
0 8 88 2.25178
0 8 89 -0.314631
0 8 90 -1.9826
0 8 91 3.67756
0 8 92 -0.869318
0 8 93 1.56037
0 8 94 0.169744
0 8 95 1.66584
0 8 96 1.19318
0 8 97 -0.541193
0 8 98 -0.302912
0 8 99 -0.955256
0 8 100 0.759588
0 8 101 1.54474
0 8 102 1.31037
0 8 103 -2.38104
0 8 104 0.0330256
0 8 105 -0.732599
0 8 106 -0.619318
0 8 107 0.810369
0 8 108 1.0799
0 8 109 1.97053
0 8 110 0.204901
0 8 111 0.521307
0 8 112 -0.451349
0 8 113 0.0369318
0 8 114 2.32599
0 8 115 2.38068
0 8 116 0.716619
0 8 117 1.84943
0 8 118 -0.0372869
0 8 119 -1.18182
0 8 120 -2.43963
0 8 121 -0.0333807
0 8 122 0.275213
0 8 123 0.536932
0 8 124 1.43146
0 8 125 1.41584
0 8 126 -0.490412
0 8 127 0.497869
0 8 128 0.548651
0 8 129 1.59553
0 8 130 0.615057
0 8 131 1.44318
0 8 132 0.306463
0 8 133 -0.888849
0 8 134 -1.06072
0 8 135 0.716619
0 8 136 -1.04119
0 8 137 1.31818
0 8 138 -2.28729
0 8 139 -0.588068
0 8 140 0.486151
0 8 141 -0.912287
0 8 142 0.693182
0 8 143 -1.20526
0 8 144 1.0799
0 8 145 -0.416193
0 8 146 -0.388849
0 8 147 0.197088
0 8 148 -0.115412
0 8 149 -0.494318
0 8 150 -0.955256
0 8 151 1.11506
0 8 152 1.09943
0 8 153 -0.408381
0 8 154 0.224432
0 8 155 -0.174006
0 8 156 -0.0372869
0 8 157 1.63459
0 8 158 0.00958807
0 8 159 -0.978693
0 8 160 0.615057
0 8 161 1.00568
0 8 162 0.107244
0 8 163 -1.18182
0 8 164 0.408026
0 8 165 0.345526
0 8 166 -2.01776
0 8 167 0.771307
0 8 168 0.103338
0 8 169 1.63068
0 8 170 1.40803
0 8 171 0.505682
0 8 172 0.361151
0 8 173 1.52521
0 8 174 1.87287
0 8 175 -0.845881
0 8 176 1.24006
0 8 177 0.283026
0 8 178 0.279119
0 8 179 0.615057
0 8 180 0.642401
0 8 181 0.505682
0 8 182 -1.17401
0 8 183 0.450994
0 8 184 -1.5451
0 8 185 -0.201349
0 8 186 -1.30682
0 8 187 0.458807
0 8 188 -0.502131
0 8 189 0.345526
0 8 190 -1.52557
0 8 191 -1.18963
0 8 192 0.392401
0 8 193 0.837713
0 8 194 0.0720881
0 8 195 0.716619
0 8 196 -1.49432
0 8 197 -0.0177557
0 8 198 -1.86932
0 8 199 0.583807
0 8 200 -0.623224
0 8 201 -1.23651
0 8 202 0.700994
0 8 203 -0.431818
0 8 204 -1.95916
0 8 205 -0.744318
0 8 206 -0.412287
0 8 207 -0.888849
0 8 208 -0.0802557
0 8 209 -0.424006
0 8 210 0.779119
0 8 211 -2.40447
0 8 212 1.18928
0 8 213 -0.908381
0 8 214 1.13849
0 8 215 -1.65838
0 8 216 -0.205256
0 8 217 0.962713
0 8 218 0.533026
0 8 219 -0.963068
0 8 220 0.579901
0 8 221 0.353338
0 8 222 0.408026
0 8 223 2.02521
0 8 224 -1.76776
0 8 225 0.349432
0 8 226 0.751776
0 8 227 1.00959
0 8 228 0.622869
0 8 229 -0.728693
0 8 230 -2.36932
0 8 231 -1.08807
0 8 232 0.990057
0 8 233 0.189276
0 8 234 -0.314631
0 8 235 -1.01776
0 8 236 0.669744
0 8 237 0.685369
0 8 238 -0.263849
0 8 239 -0.697443
0 8 240 0.259588
0 8 241 1.37678
0 8 242 -1.81854
0 8 243 1.04084
0 8 244 1.13459
0 8 245 -1.20526
0 8 246 -1.8576
0 8 247 1.22443
0 8 248 0.923651
0 8 249 -1.24041
0 8 250 -1.24041
0 8 251 -1.42401
0 8 252 -0.853693
0 8 253 -0.107599
0 8 254 0.458807
0 8 255 -1.03729
0 8 256 1.10334
0 8 257 -0.990412
0 8 258 -0.552912
0 8 259 -0.529474
0 8 260 0.529119
0 8 261 0.552557
0 8 262 -0.716974
0 8 263 1.03303
0 8 264 0.372869
0 8 265 -1.49041
0 8 266 0.154119
0 8 267 0.861151
0 8 268 -0.0529119
0 8 269 -0.615412
0 8 270 -0.576349
0 8 271 -1.31072
0 8 272 0.767401
0 8 273 -0.131037
0 8 274 -0.498224
0 8 275 -0.513849
0 8 276 0.810369
0 8 277 1.63068
0 8 278 0.0486506
0 8 279 0.200994
0 8 280 0.392401
0 8 281 -0.0958807
0 8 282 -0.306818
0 8 283 0.450994
0 8 284 -0.638849
0 8 285 -0.646662
0 8 286 0.759588
0 8 287 -0.189631
0 8 288 0.786932
0 8 289 -0.185724
0 8 290 -0.197443
0 8 291 0.298651
0 8 292 0.185369
0 8 293 0.622869
0 8 294 1.54474
0 8 295 -0.373224
0 8 296 -0.213068
0 8 297 -0.310724
0 8 298 0.865057
0 8 299 -2.24822
0 8 300 0.431463
0 8 301 -0.134943
0 8 302 -1.90447
0 8 303 -2.41229
0 8 304 -0.209162
0 8 305 0.126776
0 8 306 -2.95135
0 8 307 0.669744
0 8 308 0.911932
0 8 309 1.07209
0 8 310 0.411932
0 8 311 1.49396
0 8 312 -0.127131
0 8 313 1.47443
0 8 314 0.169744
0 8 315 -1.36151
0 8 316 -0.224787
0 8 317 -0.142756
0 8 318 0.380682
0 8 319 -1.24432
0 8 320 0.0174006
0 8 321 0.876776
0 8 322 -0.986506
0 8 323 -0.162287
0 8 324 1.25568
0 8 325 0.411932
0 8 326 0.408026
0 8 327 0.798651
0 8 328 -0.939631
0 8 329 -0.447443
0 8 330 -0.556818
0 8 331 0.251776
0 8 332 -0.529474
0 8 333 1.40412
0 8 334 0.482244
0 8 335 -0.216974
0 8 336 0.611151
0 8 337 -1.11151
0 8 338 -0.236506
0 8 339 -0.685724
0 8 340 0.0330256
0 8 341 -0.193537
0 8 342 1.29084
0 8 343 0.0525568
0 8 344 -0.474787
0 8 345 0.755682
0 8 346 2.36896
0 8 347 -2.04119
0 8 348 -0.00213068
0 8 349 0.349432
0 8 350 -2.01776
0 8 351 0.0877131
0 8 352 1.10724
0 8 353 -0.502131
0 8 354 -1.00604
0 8 355 -0.845881
0 8 356 -1.20135
0 8 357 -1.03338
0 8 358 0.911932
0 8 359 -0.599787
0 8 360 0.158026
0 8 361 0.0174006
0 8 362 0.419744
0 8 363 -0.244318
0 8 364 -0.607599
0 8 365 2.18146
0 8 366 -0.412287
0 8 367 0.950994
0 8 368 -0.373224
0 8 369 -0.150568
0 8 370 -0.369318
0 8 371 -1.64276
0 8 372 -0.322443
0 8 373 -0.181818
0 8 374 1.66584
0 8 375 -0.0255682
0 8 376 0.216619
0 8 377 0.810369
0 8 378 1.35334
0 8 379 -1.78338
0 8 380 -0.693537
0 8 381 0.298651
0 8 382 0.720526
0 8 383 -0.924006
0 8 384 0.845526
0 8 385 -0.646662
0 8 386 -0.0880682
0 8 387 1.27912
0 8 388 1.35334
0 8 389 -0.131037
0 8 390 0.665838
0 8 391 -1.14276
0 8 392 -1.89276
0 8 393 -0.361506
0 8 394 -0.115412
0 8 395 -0.189631
0 8 396 1.03303
0 8 397 -0.341974
0 8 398 1.49787
0 8 399 2.59162
0 8 400 -0.404474
0 8 401 1.91974
0 8 402 2.81428
0 8 403 0.556463
0 8 404 1.54865
0 8 405 -0.759943
0 8 406 -1.93182
0 8 407 -1.37713
0 8 408 0.458807
0 8 409 1.02131
0 8 410 1.64631
0 8 411 1.29474
0 8 412 -1.12322
0 8 413 0.767401
0 8 414 1.48615
0 8 415 2.52131
0 8 416 0.372869
0 8 417 2.80256
0 8 418 -1.05682
0 8 419 1.84162
0 8 420 1.7049
0 8 421 0.822088
0 8 422 0.161932
0 8 423 1.59943
0 8 424 2.13459
0 8 425 2.38849
0 8 426 2.7674
0 8 427 1.11506
0 8 428 1.32209
0 8 429 2.48615
0 8 430 0.0525568
0 8 431 0.286932
0 8 432 -0.0255682
0 8 433 0.837713
0 8 434 3.15412
0 8 435 3.27912
0 8 436 1.03303
0 8 437 1.48224
0 8 438 -1.08026
0 8 439 0.794744
0 8 440 1.8924
0 8 441 -0.232599
0 8 442 1.12287
0 8 443 0.0447443
0 8 444 1.95881
0 8 445 2.81428
0 8 446 2.78693
0 8 447 2.67756
0 8 448 2.77521
0 8 449 5.10334
0 8 450 6.84553
0 8 451 8.74006
0 8 452 9.44318
0 8 453 12.7401
0 8 454 15.5369
0 8 455 17.2713
0 8 456 18.4158
0 8 457 22.4901
0 8 458 24.0916
0 8 459 25.6151
0 8 460 26.6737
0 8 461 24.9901
0 8 462 22.9862
0 8 463 22.2127
0 8 464 19.3026
0 8 465 19.2869
0 8 466 18.9354
0 8 467 16.494
0 8 468 15.1033
0 8 469 8.75568
0 8 470 7.53693
0 8 471 6.59943
0 8 472 4.85724
0 8 473 2.77521
0 8 474 3.91584
0 8 475 3.31818
0 8 476 3.11115
0 8 477 1.71271
0 8 478 1.19709
0 8 479 1.65021
0 8 480 1.61506
0 8 481 1.20099
0 8 482 0.0174006
0 8 483 -0.310724
0 8 484 -2.37713
0 8 485 -0.572443
0 8 486 0.529119
0 8 487 -1.42401
0 8 488 0.607244
0 8 489 -0.607599
0 8 490 -1.07244
0 8 491 -1.29119
0 8 492 -1.13494
0 8 493 -1.25213
0 8 494 1.36896
0 8 495 -0.674006
0 8 496 -0.787287
0 8 497 -0.521662
0 8 498 -0.912287
0 8 499 0.572088
0 8 500 2.00959
0 8 501 1.01349
0 8 502 -1.82635
0 8 503 1.69318
0 8 504 0.212713
0 8 505 0.486151
0 8 506 -1.59979
0 8 507 1.92756
0 8 508 -2.25213
0 8 509 0.243963
0 8 510 -1.77557
0 8 511 1.8299
