File: uwl_08nov2019.ar.pTf128b2.TEMPO2DM Src: J2241-5236 Nsub: 1 Nch: 26 Npol: 1 Nbin: 512 RMS: 3.7159
0 0 0 3.02663
0 0 1 -1.39524
0 0 2 -5.13743
0 0 3 3.71804
0 0 4 7.6321
0 0 5 -1.33665
0 0 6 1.36257
0 0 7 1.10476
0 0 8 2.68679
0 0 9 1.89773
0 0 10 -3.59055
0 0 11 10.4446
0 0 12 5.08132
0 0 13 -1.61009
0 0 14 3.55007
0 0 15 6.12429
0 0 16 0.796165
0 0 17 1.49148
0 0 18 1.24929
0 0 19 -9.22727
0 0 20 -0.227273
0 0 21 -1.02805
0 0 22 6.24929
0 0 23 7.86257
0 0 24 -0.117898
0 0 25 0.221946
0 0 26 1.30398
0 0 27 6.10866
0 0 28 9.16335
0 0 29 0.776634
0 0 30 4.1946
0 0 31 5.6946
0 0 32 3.49538
0 0 33 11.0501
0 0 34 1.58523
0 0 35 4.78054
0 0 36 3.5657
0 0 37 3.72195
0 0 38 9.3157
0 0 39 2.19851
0 0 40 8.99929
0 0 41 3.55398
0 0 42 8.40554
0 0 43 4.83132
0 0 44 6.08132
0 0 45 7.11648
0 0 46 -0.235085
0 0 47 6.11648
0 0 48 7.8196
0 0 49 6.41726
0 0 50 1.96804
0 0 51 8.59695
0 0 52 6.14382
0 0 53 3.42116
0 0 54 4.04616
0 0 55 -0.223366
0 0 56 5.83913
0 0 57 1.5032
0 0 58 1.62429
0 0 59 0.229759
0 0 60 5.1907
0 0 61 0.628196
0 0 62 0.0617898
0 0 63 0.858665
0 0 64 3.17507
0 0 65 9.96804
0 0 66 1.71804
0 0 67 1.87038
0 0 68 -2.67649
0 0 69 -5.95384
0 0 70 -4.45774
0 0 71 7.64773
0 0 72 7.42898
0 0 73 4.99148
0 0 74 6.87429
0 0 75 6.63601
0 0 76 2.36648
0 0 77 5.68679
0 0 78 4.08523
0 0 79 1.55788
0 0 80 1.84304
0 0 81 1.23757
0 0 82 -3.09446
0 0 83 1.6907
0 0 84 14.8157
0 0 85 7.33913
0 0 86 -3.69602
0 0 87 9.03054
0 0 88 -2.09055
0 0 89 11.9524
0 0 90 16.0071
0 0 91 7.71023
0 0 92 7.88601
0 0 93 13.0774
0 0 94 14.6204
0 0 95 14.6751
0 0 96 18.5227
0 0 97 31.1087
0 0 98 36.4134
0 0 99 36.3235
0 0 100 32.9563
0 0 101 34.3704
0 0 102 28.4876
0 0 103 29.1048
0 0 104 28.0501
0 0 105 33.2141
0 0 106 27.6712
0 0 107 25.0618
0 0 108 22.8157
0 0 109 25.5891
0 0 110 13.3313
0 0 111 16.6087
0 0 112 11.9407
0 0 113 6.8821
0 0 114 9.83523
0 0 115 2.08132
0 0 116 9.93288
0 0 117 3.76101
0 0 118 5.33523
0 0 119 6.01491
0 0 120 7.30788
0 0 121 8.62429
0 0 122 7.1321
0 0 123 0.296165
0 0 124 1.72585
0 0 125 3.65554
0 0 126 0.632102
0 0 127 4.99148
0 0 128 8.79616
0 0 129 3.52663
0 0 130 8.77273
0 0 131 5.01491
0 0 132 10.8313
0 0 133 -1.98118
0 0 134 7.01101
0 0 135 1.68288
0 0 136 1.82741
0 0 137 3.21804
0 0 138 4.36257
0 0 139 6.2571
0 0 140 3.35866
0 0 141 4.96023
0 0 142 -1.9968
0 0 143 3.47976
0 0 144 1.93679
0 0 145 -4.70384
0 0 146 10.9563
0 0 147 5.42898
0 0 148 9.77273
0 0 149 -0.766335
0 0 150 -4.75852
0 0 151 0.167259
0 0 152 1.59304
0 0 153 -0.0983665
0 0 154 8.65945
0 0 155 5.26882
0 0 156 5.67898
0 0 157 2.35866
0 0 158 4.11648
0 0 159 1.63601
0 0 160 6.22585
0 0 161 10.6048
0 0 162 1.0696
0 0 163 6.17507
0 0 164 -6.72337
0 0 165 7.32351
0 0 166 0.116477
0 0 167 8.33132
0 0 168 -0.391335
0 0 169 6.92507
0 0 170 4.07351
0 0 171 5.38601
0 0 172 -1.15305
0 0 173 7.37038
0 0 174 4.74538
0 0 175 -3.56321
0 0 176 -4.84055
0 0 177 -3.69602
0 0 178 3.74148
0 0 179 2.9407
0 0 180 2.37429
0 0 181 3.96804
0 0 182 2.51491
0 0 183 -0.508523
0 0 184 3.85476
0 0 185 -0.399148
0 0 186 9.8782
0 0 187 2.9407
0 0 188 6.15554
0 0 189 -4.52415
0 0 190 -0.696023
0 0 191 1.22976
0 0 192 4.04226
0 0 193 2.01882
0 0 194 5.85085
0 0 195 8.97195
0 0 196 -1.70384
0 0 197 -3.76243
0 0 198 1.6907
0 0 199 -7.1179
0 0 200 -5.28587
0 0 201 2.6946
0 0 202 -1.72727
0 0 203 2.14382
0 0 204 2.72976
0 0 205 3.11257
0 0 206 1.34304
0 0 207 6.29616
0 0 208 -4.13352
0 0 209 3.44851
0 0 210 1.83913
0 0 211 -1.67649
0 0 212 1.8196
0 0 213 -2.25071
0 0 214 -7.79368
0 0 215 2.21804
0 0 216 0.889915
0 0 217 -5.28977
0 0 218 -4.71555
0 0 219 -5.09446
0 0 220 -2.27415
0 0 221 -3.16087
0 0 222 2.36648
0 0 223 0.839134
0 0 224 5.21413
0 0 225 -0.746804
0 0 226 1.33523
0 0 227 0.050071
0 0 228 0.421165
0 0 229 1.23757
0 0 230 -2.12962
0 0 231 -0.418679
0 0 232 4.29616
0 0 233 -1.28977
0 0 234 -2.54368
0 0 235 -1.77024
0 0 236 -5.04368
0 0 237 -5.89134
0 0 238 -0.680398
0 0 239 5.51491
0 0 240 -6.0593
0 0 241 -5.4968
0 0 242 2.85476
0 0 243 1.94851
0 0 244 9.77663
0 0 245 -3.3679
0 0 246 -5.8093
0 0 247 -2.80149
0 0 248 -9.70774
0 0 249 -1.93821
0 0 250 -1.39915
0 0 251 -2.7429
0 0 252 0.491477
0 0 253 0.225852
0 0 254 4.31179
0 0 255 -6.59837
0 0 256 -2.96555
0 0 257 1.05788
0 0 258 3.76101
0 0 259 -6.53196
0 0 260 -3.85227
0 0 261 1.31179
0 0 262 2.76101
0 0 263 2.26882
0 0 264 0.0383523
0 0 265 -4.41477
0 0 266 -1.80149
0 0 267 4.14773
0 0 268 -3.55149
0 0 269 2.42116
0 0 270 -8.01243
0 0 271 -2.1804
0 0 272 -6.1179
0 0 273 -0.547585
0 0 274 -5.21946
0 0 275 -0.172585
0 0 276 -2.6179
0 0 277 -0.160866
0 0 278 -4.02415
0 0 279 1.20632
0 0 280 -5.46165
0 0 281 -6.21555
0 0 282 -5.20384
0 0 283 4.53054
0 0 284 2.2571
0 0 285 -3.09055
0 0 286 0.93679
0 0 287 -1.4929
0 0 288 -2.8718
0 0 289 0.065696
0 0 290 -0.0163352
0 0 291 2.03054
0 0 292 -1.73118
0 0 293 -1.94212
0 0 294 -3.41868
0 0 295 2.23757
0 0 296 1.17116
0 0 297 2.57741
0 0 298 0.694602
0 0 299 2.05788
0 0 300 -0.809304
0 0 301 -4.95384
0 0 302 5.59304
0 0 303 -7.9929
0 0 304 -4.96165
0 0 305 -2.52805
0 0 306 -7.1179
0 0 307 3.46413
0 0 308 2.70632
0 0 309 3.3821
0 0 310 2.47585
0 0 311 -5.54368
0 0 312 4.58913
0 0 313 -4.87962
0 0 314 0.327415
0 0 315 3.9407
0 0 316 3.15945
0 0 317 5.4407
0 0 318 -5.47727
0 0 319 4.73366
0 0 320 -2.02805
0 0 321 0.757102
0 0 322 2.78835
0 0 323 1.80007
0 0 324 2.70632
0 0 325 3.37429
0 0 326 -1.42649
0 0 327 -0.133523
0 0 328 0.327415
0 0 329 -1.57102
0 0 330 1.90554
0 0 331 9.90945
0 0 332 3.86648
0 0 333 0.553977
0 0 334 -6.56321
0 0 335 -0.840554
0 0 336 -2.0554
0 0 337 -4.9968
0 0 338 -8.03977
0 0 339 -1.80149
0 0 340 6.64382
0 0 341 -0.043679
0 0 342 -0.0788352
0 0 343 -3.89915
0 0 344 -4.98899
0 0 345 -1.09446
0 0 346 3.10866
0 0 347 -6.1804
0 0 348 -1.53587
0 0 349 -4.10227
0 0 350 2.15945
0 0 351 -5.31712
0 0 352 -9.54759
0 0 353 -1.93821
0 0 354 1.24929
0 0 355 -0.981179
0 0 356 -1.77805
0 0 357 3.58132
0 0 358 -6.08274
0 0 359 -2.48118
0 0 360 -2.8718
0 0 361 1.04226
0 0 362 -4.9304
0 0 363 -2.19602
0 0 364 7.07351
0 0 365 -0.934304
0 0 366 5.01101
0 0 367 0.0383523
0 0 368 -0.301491
0 0 369 -2.78196
0 0 370 -6.93821
0 0 371 -0.262429
0 0 372 2.76882
0 0 373 3.16726
0 0 374 5.61648
0 0 375 2.53835
0 0 376 2.08132
0 0 377 -0.211648
0 0 378 -3.84446
0 0 379 -1.26634
0 0 380 2.5071
0 0 381 -4.8054
0 0 382 4.31179
0 0 383 2.84304
0 0 384 0.702415
0 0 385 -8.55149
0 0 386 2.08523
0 0 387 -0.953835
0 0 388 -0.473366
0 0 389 6.73757
0 0 390 -0.762429
0 0 391 3.3782
0 0 392 1.6946
0 0 393 -1.78196
0 0 394 9.49538
0 0 395 3.39773
0 0 396 2.46804
0 0 397 3.92898
0 0 398 10.2219
0 0 399 2.68288
0 0 400 -3.41477
0 0 401 -1.7429
0 0 402 5.47976
0 0 403 4.81179
0 0 404 7.27273
0 0 405 -0.40696
0 0 406 2.35866
0 0 407 3.18288
0 0 408 -3.84446
0 0 409 5.72976
0 0 410 6.03445
0 0 411 8.43288
0 0 412 3.52273
0 0 413 3.84304
0 0 414 2.59304
0 0 415 3.90945
0 0 416 4.02273
0 0 417 1.99538
0 0 418 5.46804
0 0 419 2.04226
0 0 420 8.07351
0 0 421 -1.10618
0 0 422 2.76491
0 0 423 5.88601
0 0 424 5.20241
0 0 425 4.89382
0 0 426 0.901634
0 0 427 4.80007
0 0 428 -0.512429
0 0 429 -0.551491
0 0 430 -0.684304
0 0 431 4.43679
0 0 432 0.870384
0 0 433 -3.00852
0 0 434 4.20241
0 0 435 -2.34837
0 0 436 1.33523
0 0 437 -1.33665
0 0 438 -1.33665
0 0 439 5.91335
0 0 440 6.44851
0 0 441 6.55398
0 0 442 4.88601
0 0 443 3.58913
0 0 444 -0.680398
0 0 445 2.31179
0 0 446 2.29616
0 0 447 8.3157
0 0 448 2.37038
0 0 449 -0.887429
0 0 450 1.93679
0 0 451 0.636009
0 0 452 1.90554
0 0 453 1.19851
0 0 454 -1.15305
0 0 455 -1.8679
0 0 456 3.55788
0 0 457 6.17898
0 0 458 -1.8679
0 0 459 -2.81712
0 0 460 0.956321
0 0 461 -3.9343
0 0 462 1.14773
0 0 463 -0.46946
0 0 464 1.76491
0 0 465 0.714134
0 0 466 -2.58274
0 0 467 -4.15305
0 0 468 1.17116
0 0 469 -1.43821
0 0 470 0.706321
0 0 471 2.28835
0 0 472 0.514915
0 0 473 -8.3679
0 0 474 5.55007
0 0 475 1.06179
0 0 476 0.264915
0 0 477 -0.520241
0 0 478 -1.4304
0 0 479 4.64382
0 0 480 -0.0671165
0 0 481 -1.14524
0 0 482 -3.95384
0 0 483 -4.89524
0 0 484 -1.41477
0 0 485 -2.34837
0 0 486 5.84695
0 0 487 -4.45774
0 0 488 -2.9929
0 0 489 0.0461648
0 0 490 10.9407
0 0 491 -2.73899
0 0 492 3.07351
0 0 493 2.93679
0 0 494 -0.680398
0 0 495 5.99148
0 0 496 -1.22337
0 0 497 -2.32493
0 0 498 0.917259
0 0 499 1.60476
0 0 500 6.55007
0 0 501 0.81179
0 0 502 -0.629616
0 0 503 -3.95774
0 0 504 1.08132
0 0 505 -1.16477
0 0 506 5.76491
0 0 507 5.60085
0 0 508 0.913352
0 0 509 3.06179
0 0 510 -3.32102
0 0 511 -5.16087
