0 1 0 6.52374
0 1 1 2.79718
0 1 2 10.2034
0 1 3 14.7347
0 1 4 1.78155
0 1 5 9.34796
0 1 6 3.35187
0 1 7 7.83234
0 1 8 2.10187
0 1 9 6.84796
0 1 10 -3.99188
0 1 11 8.61359
0 1 12 2.7503
0 1 13 4.30109
0 1 14 -6.94501
0 1 15 0.273742
0 1 16 2.37921
0 1 17 -1.39423
0 1 18 -1.60126
0 1 19 3.83624
0 1 20 8.65655
0 1 21 13.5159
0 1 22 1.90265
0 1 23 1.16437
0 1 24 -0.589539
0 1 25 -13.3239
0 1 26 -7.10516
0 1 27 4.66437
0 1 28 -4.58563
0 1 29 -6.15985
0 1 30 -2.30438
0 1 31 7.8128
0 1 32 -1.48016
0 1 33 0.168273
0 1 34 1.36359
0 1 35 -2.43329
0 1 36 5.48077
0 1 37 2.47687
0 1 38 -7.15595
0 1 39 -11.8591
0 1 40 -3.9372
0 1 41 -3.9372
0 1 42 -2.19501
0 1 43 -0.331727
0 1 44 -1.04266
0 1 45 0.222961
0 1 46 -1.9411
0 1 47 -4.28095
0 1 48 -0.320008
0 1 49 -1.49579
0 1 50 -2.30438
0 1 51 -3.66376
0 1 52 1.45734
0 1 53 -6.30048
0 1 54 -6.91766
0 1 55 0.992492
0 1 56 5.5003
0 1 57 -1.60516
0 1 58 -7.05438
0 1 59 -1.39032
0 1 60 -1.44891
0 1 61 5.39093
0 1 62 13.2972
0 1 63 2.3714
0 1 64 1.84796
0 1 65 -2.21063
0 1 66 7.35577
0 1 67 16.5745
0 1 68 -0.237977
0 1 69 3.2503
0 1 70 0.980773
0 1 71 8.63312
0 1 72 1.04327
0 1 73 11.6839
0 1 74 8.73859
0 1 75 13.7855
0 1 76 -5.21845
0 1 77 7.49249
0 1 78 9.44171
0 1 79 -0.507508
0 1 80 14.7542
0 1 81 17.9066
0 1 82 4.4964
0 1 83 5.28937
0 1 84 4.86359
0 1 85 -3.51923
0 1 86 12.43
0 1 87 2.6253
0 1 88 1.09015
0 1 89 1.25812
0 1 90 6.19171
0 1 91 -0.519227
0 1 92 1.9378
0 1 93 -2.77704
0 1 94 -2.74188
0 1 95 2.6839
0 1 96 4.95343
0 1 97 -6.57782
0 1 98 5.31671
0 1 99 17.9651
0 1 100 4.34405
0 1 101 11.012
0 1 102 2.84796
0 1 103 6.9378
0 1 104 18.3558
0 1 105 11.8089
0 1 106 9.85577
0 1 107 15.3714
0 1 108 10.2425
0 1 109 14.6878
0 1 110 12.348
0 1 111 15.4964
0 1 112 19.3323
0 1 113 21.5198
0 1 114 9.65265
0 1 115 13.4261
0 1 116 11.3245
0 1 117 10.2112
0 1 118 6.2503
0 1 119 1.92999
0 1 120 0.965148
0 1 121 8.00812
0 1 122 -1.72235
0 1 123 -1.6247
0 1 124 0.586242
0 1 125 7.77374
0 1 126 6.3753
0 1 127 -0.929383
0 1 128 9.70734
0 1 129 6.46905
0 1 130 8.92999
0 1 131 -14.7106
0 1 132 -3.07391
0 1 133 -1.1911
0 1 134 5.35187
0 1 135 3.50812
0 1 136 11.5276
0 1 137 11.3284
0 1 138 5.08624
0 1 139 5.71515
0 1 140 10.7191
0 1 141 -2.75751
0 1 142 -1.67157
0 1 143 -1.55829
0 1 144 4.35968
0 1 145 6.03155
0 1 146 9.32062
0 1 147 7.11749
0 1 148 1.53546
0 1 149 -7.48407
0 1 150 3.33624
0 1 151 1.86359
0 1 152 8.42218
0 1 153 4.74249
0 1 154 -8.15595
0 1 155 1.53937
0 1 156 2.39484
0 1 157 8.44952
0 1 158 3.99249
0 1 159 1.77374
0 1 160 8.82062
0 1 161 -1.6872
0 1 162 -1.30829
0 1 163 -6.25751
0 1 164 -10.8278
0 1 165 -9.2536
0 1 166 -5.63641
0 1 167 2.08234
0 1 168 -3.48407
0 1 169 1.32843
0 1 170 -3.44891
0 1 171 -3.54266
0 1 172 5.48468
0 1 173 -3.80438
0 1 174 -6.15595
0 1 175 -4.21063
0 1 176 -6.5036
0 1 177 1.10577
0 1 178 -7.53485
0 1 179 -11.902
0 1 180 -3.96063
0 1 181 -4.02313
0 1 182 0.840148
0 1 183 4.34015
0 1 184 -1.46454
0 1 185 -5.10516
0 1 186 -4.82391
0 1 187 2.73077
0 1 188 7.35187
0 1 189 -6.52704
0 1 190 -3.69891
0 1 191 8.29718
0 1 192 -18.5856
0 1 193 -2.78876
0 1 194 2.70343
0 1 195 1.62921
0 1 196 -2.57391
0 1 197 -3.47626
0 1 198 -7.80438
0 1 199 -6.53095
0 1 200 4.94952
0 1 201 -7.36298
0 1 202 2.86749
0 1 203 -7.2536
0 1 204 1.6253
0 1 205 0.0276481
0 1 206 1.07843
0 1 207 -8.84735
0 1 208 -2.57001
0 1 209 1.47296
0 1 210 -0.987977
0 1 211 -2.05829
0 1 212 -1.47235
0 1 213 2.24249
0 1 214 -3.63641
0 1 215 3.1214
0 1 216 11.0394
0 1 217 3.55109
0 1 218 -4.23407
0 1 219 7.38312
0 1 220 9.47296
0 1 221 1.42218
0 1 222 -1.51532
0 1 223 2.78155
0 1 224 -2.91376
0 1 225 2.86749
0 1 226 1.35968
0 1 227 -0.538758
0 1 228 3.2503
0 1 229 14.0511
0 1 230 2.6253
0 1 231 4.53155
0 1 232 8.67609
0 1 233 6.04327
0 1 234 1.88702
0 1 235 -6.90985
0 1 236 0.519836
0 1 237 6.20734
0 1 238 -5.40595
0 1 239 8.19562
0 1 240 3.50812
0 1 241 -4.48798
0 1 242 1.41827
0 1 243 -4.33173
0 1 244 0.285461
0 1 245 -0.737977
0 1 246 2.40265
0 1 247 -3.67938
0 1 248 -3.10126
0 1 249 -4.13641
0 1 250 6.26984
0 1 251 -2.49579
0 1 252 5.47296
0 1 253 -10.8474
0 1 254 0.742492
0 1 255 -6.59345
0 1 256 -1.7497
0 1 257 1.35187
0 1 258 -2.59345
0 1 259 2.08624
0 1 260 -9.30438
0 1 261 1.44171
0 1 262 -0.530946
0 1 263 -0.917664
0 1 264 -13.3747
0 1 265 -3.0036
0 1 266 -3.26532
0 1 267 1.3714
0 1 268 0.344054
0 1 269 -21.3161
0 1 270 10.93
0 1 271 -1.9997
0 1 272 -2.8786
0 1 273 -3.30048
0 1 274 -5.83563
0 1 275 10.0472
0 1 276 -9.01532
0 1 277 1.09405
0 1 278 -7.08954
0 1 279 -0.226258
0 1 280 -10.2927
0 1 281 7.62921
0 1 282 3.22296
0 1 283 1.80499
0 1 284 -13.4294
0 1 285 -6.96454
0 1 286 -2.60126
0 1 287 7.07062
0 1 288 -1.15985
0 1 289 5.37921
0 1 290 5.5589
0 1 291 -10.0895
0 1 292 1.54327
0 1 293 10.0159
0 1 294 -1.94501
0 1 295 0.289367
0 1 296 3.17218
0 1 297 -7.77313
0 1 298 2.95343
0 1 299 -2.85516
0 1 300 -1.33173
0 1 301 -4.85516
0 1 302 -5.3786
0 1 303 -10.0309
0 1 304 -7.51532
0 1 305 0.965148
0 1 306 -7.05438
0 1 307 -7.10126
0 1 308 -3.52704
0 1 309 -2.6911
0 1 310 -8.01141
0 1 311 -11.9294
0 1 312 -2.21063
0 1 313 -1.96454
0 1 314 0.765929
0 1 315 -1.65595
0 1 316 2.79327
0 1 317 -6.39032
0 1 318 -2.23407
0 1 319 -0.573914
0 1 320 -0.183289
0 1 321 -2.88251
0 1 322 5.33234
0 1 323 3.53546
0 1 324 6.98077
0 1 325 -4.96845
0 1 326 5.34015
0 1 327 -1.02313
0 1 328 -1.82391
0 1 329 8.44171
0 1 330 4.59015
0 1 331 5.48859
0 1 332 -2.64813
0 1 333 6.42999
0 1 334 7.79327
0 1 335 4.51593
0 1 336 7.94171
0 1 337 7.16437
0 1 338 15.7933
0 1 339 5.92218
0 1 340 11.473
0 1 341 -4.2536
0 1 342 -3.42157
0 1 343 3.02374
0 1 344 1.3089
0 1 345 9.42999
0 1 346 8.5589
0 1 347 7.17609
0 1 348 5.86749
0 1 349 6.48077
0 1 350 8.24249
0 1 351 4.78546
0 1 352 4.3128
0 1 353 1.78937
0 1 354 5.86359
0 1 355 8.41046
0 1 356 9.96905
0 1 357 9.1839
0 1 358 6.10577
0 1 359 7.0628
0 1 360 6.41827
0 1 361 4.94171
0 1 362 5.9964
0 1 363 8.10577
0 1 364 -0.179383
0 1 365 7.8128
0 1 366 2.8089
0 1 367 3.22296
0 1 368 3.16827
0 1 369 8.94952
0 1 370 2.94952
0 1 371 -2.38641
0 1 372 -2.95673
0 1 373 5.9378
0 1 374 -3.09345
0 1 375 1.92218
0 1 376 11.8323
0 1 377 6.96905
0 1 378 -1.30048
0 1 379 -0.0621956
0 1 380 11.5237
0 1 381 1.95343
0 1 382 1.80499
0 1 383 3.8128
0 1 384 4.01984
0 1 385 4.47687
0 1 386 0.414367
0 1 387 0.250304
0 1 388 1.14484
0 1 389 7.85577
0 1 390 3.8128
0 1 391 6.1878
0 1 392 6.27765
0 1 393 -9.73407
0 1 394 -1.04657
0 1 395 4.03546
0 1 396 10.6566
0 1 397 -4.67938
0 1 398 0.390929
0 1 399 6.64484
0 1 400 5.71905
0 1 401 -10.0388
0 1 402 -0.382508
0 1 403 -4.40595
0 1 404 5.94952
0 1 405 -3.85907
0 1 406 15.3206
0 1 407 -7.30048
0 1 408 -1.50751
0 1 409 -5.64032
0 1 410 13.5237
0 1 411 -1.25751
0 1 412 -3.76923
0 1 413 0.707336
0 1 414 -3.66376
0 1 415 -7.4372
0 1 416 1.66437
0 1 417 -5.51532
0 1 418 3.82452
0 1 419 0.859679
0 1 420 -7.91376
0 1 421 7.34015
0 1 422 -8.12079
0 1 423 -5.29266
0 1 424 -3.23407
0 1 425 5.05499
0 1 426 1.17609
0 1 427 7.76202
0 1 428 -6.14032
0 1 429 6.6878
0 1 430 -0.273133
0 1 431 8.77374
0 1 432 -8.22235
0 1 433 1.20734
0 1 434 -1.02704
0 1 435 -2.59735
0 1 436 3.28155
0 1 437 19.6409
0 1 438 5.2464
0 1 439 11.6917
0 1 440 14.8011
0 1 441 16.9417
0 1 442 8.11359
0 1 443 13.598
0 1 444 7.58624
0 1 445 8.01202
0 1 446 3.52765
0 1 447 6.29718
0 1 448 14.5159
0 1 449 10.3519
0 1 450 5.03155
0 1 451 7.1214
0 1 452 4.56671
0 1 453 -2.22626
0 1 454 14.0316
0 1 455 9.4378
0 1 456 9.20734
0 1 457 -0.730164
0 1 458 -1.97626
0 1 459 -0.284852
0 1 460 1.71124
0 1 461 8.66046
0 1 462 1.42218
0 1 463 -4.89423
0 1 464 -1.29657
0 1 465 0.754211
0 1 466 1.63702
0 1 467 6.28546
0 1 468 7.63702
0 1 469 0.140929
0 1 470 -0.339539
0 1 471 13.9495
0 1 472 2.4378
0 1 473 -1.20673
0 1 474 0.562804
0 1 475 0.867492
0 1 476 2.39484
0 1 477 -1.59345
0 1 478 2.6253
0 1 479 -5.78095
0 1 480 0.148742
0 1 481 8.57843
0 1 482 -3.53876
0 1 483 0.554992
0 1 484 -4.8747
0 1 485 -7.91766
0 1 486 -2.3122
0 1 487 -1.5622
0 1 488 10.9417
0 1 489 6.44171
0 1 490 -2.97235
0 1 491 1.0589
0 1 492 -8.73798
0 1 493 -5.92548
0 1 494 10.0003
0 1 495 5.02374
0 1 496 -5.53876
0 1 497 4.45734
0 1 498 -3.84735
0 1 499 -5.65985
0 1 500 -3.40204
0 1 501 1.40265
0 1 502 1.97296
0 1 503 -0.171571
0 1 504 5.96124
0 1 505 7.45734
0 1 506 -5.80829
0 1 507 -2.1286
0 1 508 0.980773
0 1 509 -0.612977
0 1 510 -1.15595
0 1 511 12.4456
