0 9 0 22.0378
0 9 1 21.1511
0 9 2 18.948
0 9 3 20.2136
0 9 4 18.6472
0 9 5 16.116
0 9 6 12.0222
0 9 7 9.76831
0 9 8 6.98316
0 9 9 6.44019
0 9 10 4.81128
0 9 11 4.60035
0 9 12 3.44409
0 9 13 3.28003
0 9 14 3.04956
0 9 15 1.47535
0 9 16 0.89722
0 9 17 1.74097
0 9 18 2.19019
0 9 19 -0.430905
0 9 20 -1.62231
0 9 21 0.0573762
0 9 22 -0.520749
0 9 23 -0.298093
0 9 24 -0.110593
0 9 25 -0.591061
0 9 26 -1.02465
0 9 27 0.89722
0 9 28 -0.473874
0 9 29 1.9441
0 9 30 0.448001
0 9 31 -1.27465
0 9 32 3.28784
0 9 33 -2.29028
0 9 34 0.158939
0 9 35 -1.20825
0 9 36 0.448001
0 9 37 -1.57544
0 9 38 -0.481686
0 9 39 0.194095
0 9 40 -0.141843
0 9 41 -0.950436
0 9 42 -0.00903003
0 9 43 -1.01294
0 9 44 1.97535
0 9 45 0.405032
0 9 46 0.70972
0 9 47 -0.35278
0 9 48 0.694095
0 9 49 -1.302
0 9 50 0.158939
0 9 51 2.87769
0 9 52 -1.83715
0 9 53 0.698001
0 9 54 -1.2395
0 9 55 1.08081
0 9 56 -0.786374
0 9 57 -0.864499
0 9 58 0.280032
0 9 59 0.475345
0 9 60 1.60425
0 9 61 0.08472
0 9 62 -0.481686
0 9 63 -0.337155
0 9 64 -0.423093
0 9 65 -0.41528
0 9 66 -1.9309
0 9 67 0.131595
0 9 68 -0.798093
0 9 69 -0.364499
0 9 70 -0.50903
0 9 71 -1.14184
0 9 72 -1.84106
0 9 73 1.06128
0 9 74 -1.62622
0 9 75 0.0417512
0 9 76 0.533939
0 9 77 1.20972
0 9 78 0.201907
0 9 79 0.565189
0 9 80 -0.29028
0 9 81 -0.606686
0 9 82 0.39722
0 9 83 -0.735593
0 9 84 0.823001
0 9 85 -1.08325
0 9 86 -0.216061
0 9 87 -0.282468
0 9 88 -0.47778
0 9 89 -0.376218
0 9 90 1.46363
0 9 91 0.764407
0 9 92 -0.184811
0 9 93 0.104251
0 9 94 -0.895749
0 9 95 3.13159
0 9 96 -0.348874
0 9 97 0.908939
0 9 98 -1.03247
0 9 99 2.43238
0 9 100 0.994876
0 9 101 0.846439
0 9 102 1.02613
0 9 103 -1.82934
0 9 104 -1.38403
0 9 105 0.74097
0 9 106 0.248782
0 9 107 0.612064
0 9 108 1.33863
0 9 109 1.45581
0 9 110 -0.501218
0 9 111 0.0339387
0 9 112 -1.1184
0 9 113 -0.497311
0 9 114 -0.13403
0 9 115 1.97535
0 9 116 1.34644
0 9 117 -1.89965
0 9 118 -2.01294
0 9 119 0.951907
0 9 120 0.807376
0 9 121 0.155032
0 9 122 -1.5559
0 9 123 -1.14575
0 9 124 -0.16528
0 9 125 0.17847
0 9 126 0.682376
0 9 127 -0.180905
0 9 128 -0.512936
0 9 129 0.682376
0 9 130 -0.262936
0 9 131 0.36597
0 9 132 -0.173093
0 9 133 -0.462155
0 9 134 -0.903561
0 9 135 -2.75903
0 9 136 0.237064
0 9 137 -0.516843
0 9 138 1.66675
0 9 139 0.440189
0 9 140 0.670657
0 9 141 -0.0363738
0 9 142 -1.25512
0 9 143 -1.14184
0 9 144 -0.376218
0 9 145 -1.15747
0 9 146 -0.344968
0 9 147 0.381595
0 9 148 0.846439
0 9 149 0.889407
0 9 150 -2.14966
0 9 151 -0.00121753
0 9 152 0.330814
0 9 153 -1.58325
0 9 154 -1.42309
0 9 155 1.01831
0 9 156 -1.94653
0 9 157 1.04566
0 9 158 0.194095
0 9 159 1.73706
0 9 160 -0.755124
0 9 161 -1.23559
0 9 162 -0.856686
0 9 163 -1.95825
0 9 164 -0.989499
0 9 165 0.686282
0 9 166 0.264407
0 9 167 0.514407
0 9 168 1.5691
0 9 169 0.631595
0 9 170 0.608157
0 9 171 -0.579343
0 9 172 -2.64184
0 9 173 0.924564
0 9 174 -1.052
0 9 175 -1.56372
0 9 176 -0.282468
0 9 177 1.29956
0 9 178 2.17847
0 9 179 -0.282468
0 9 180 0.975345
0 9 181 -0.247311
0 9 182 1.17066
0 9 183 -0.10278
0 9 184 0.670657
0 9 185 0.393314
0 9 186 1.37769
0 9 187 -1.01294
0 9 188 3.15503
0 9 189 -0.591061
0 9 190 -0.520749
0 9 191 -0.575436
0 9 192 0.291751
0 9 193 0.315189
0 9 194 1.09253
0 9 195 1.22144
0 9 196 0.166751
0 9 197 -0.309811
0 9 198 1.96363
0 9 199 0.752689
0 9 200 0.760501
0 9 201 1.74488
0 9 202 0.0964387
0 9 203 -0.848874
0 9 204 0.83472
0 9 205 -0.180905
0 9 206 -3.08325
0 9 207 -0.161374
0 9 208 0.295657
0 9 209 0.369876
0 9 210 0.08472
0 9 211 -0.110593
0 9 212 0.151126
0 9 213 0.27222
0 9 214 1.66285
0 9 215 -1.21606
0 9 216 0.408939
0 9 217 1.66285
0 9 218 0.526126
0 9 219 0.811282
0 9 220 2.28784
0 9 221 -3.052
0 9 222 -0.274655
0 9 223 0.198001
0 9 224 2.198
0 9 225 1.68628
0 9 226 1.35425
0 9 227 0.217532
0 9 228 1.83863
0 9 229 0.225345
0 9 230 0.190189
0 9 231 -0.395749
0 9 232 1.23316
0 9 233 -1.2434
0 9 234 -0.575436
0 9 235 0.608157
0 9 236 0.99097
0 9 237 2.01831
0 9 238 0.39722
0 9 239 -0.114499
0 9 240 -0.801999
0 9 241 -0.458249
0 9 242 -0.0598113
0 9 243 0.655032
0 9 244 -1.3645
0 9 245 0.440189
0 9 246 -0.13403
0 9 247 0.451907
0 9 248 0.401126
0 9 249 3.29175
0 9 250 1.08081
0 9 251 0.108157
0 9 252 0.330814
0 9 253 0.823001
0 9 254 1.66675
0 9 255 0.315189
0 9 256 0.155032
0 9 257 0.479251
0 9 258 0.299564
0 9 259 0.729251
0 9 260 1.03003
0 9 261 1.8191
0 9 262 -0.344968
0 9 263 -0.223874
0 9 264 -1.65747
0 9 265 0.0573762
0 9 266 1.02222
0 9 267 0.733157
0 9 268 2.02222
0 9 269 1.2566
0 9 270 -1.63012
0 9 271 -0.376218
0 9 272 0.662845
0 9 273 0.967532
0 9 274 -0.294186
0 9 275 -0.305905
0 9 276 2.19019
0 9 277 -0.231686
0 9 278 -0.0285613
0 9 279 1.3191
0 9 280 0.92847
0 9 281 1.54956
0 9 282 0.55347
0 9 283 0.662845
0 9 284 -0.0441863
0 9 285 1.22535
0 9 286 -1.24731
0 9 287 -0.75903
0 9 288 0.20972
0 9 289 1.71753
0 9 290 -0.278561
0 9 291 -1.13794
0 9 292 -2.10669
0 9 293 -0.622311
0 9 294 1.34644
0 9 295 -0.180905
0 9 296 0.069095
0 9 297 0.643314
0 9 298 -0.524655
0 9 299 -1.70044
0 9 300 0.64722
0 9 301 -0.118405
0 9 302 -0.32153
0 9 303 -0.19653
0 9 304 0.20972
0 9 305 0.721439
0 9 306 1.11206
0 9 307 -1.50512
0 9 308 0.600345
0 9 309 -0.184811
0 9 310 0.651126
0 9 311 -1.16137
0 9 312 -0.778561
0 9 313 0.994876
0 9 314 0.405032
0 9 315 1.59253
0 9 316 1.02613
0 9 317 0.561282
0 9 318 -0.192624
0 9 319 0.600345
0 9 320 -1.1184
0 9 321 -0.469968
0 9 322 0.326907
0 9 323 -2.18872
0 9 324 -0.07153
0 9 325 0.533939
0 9 326 -0.610593
0 9 327 -1.1184
0 9 328 -1.09106
0 9 329 -0.29028
0 9 330 -0.266843
0 9 331 0.791751
0 9 332 -2.08325
0 9 333 -1.31372
0 9 334 -0.13403
0 9 335 0.776126
0 9 336 0.905032
0 9 337 0.432376
0 9 338 0.842532
0 9 339 -0.485593
0 9 340 -0.856686
0 9 341 -1.63012
0 9 342 1.66675
0 9 343 0.61597
0 9 344 0.881595
0 9 345 -0.454343
0 9 346 0.666751
0 9 347 -0.88403
0 9 348 0.776126
0 9 349 -0.317624
0 9 350 -0.0988738
0 9 351 -0.766843
0 9 352 0.627689
0 9 353 0.487064
0 9 354 1.63941
0 9 355 -1.88012
0 9 356 -1.81762
0 9 357 -0.458249
0 9 358 0.932376
0 9 359 0.873782
0 9 360 0.00659497
0 9 361 1.72535
0 9 362 -0.985593
0 9 363 -1.95044
0 9 364 -0.747311
0 9 365 -0.372311
0 9 366 0.49097
0 9 367 -0.559811
0 9 368 0.530032
0 9 369 -0.505124
0 9 370 1.28003
0 9 371 2.55347
0 9 372 0.323001
0 9 373 -1.0559
0 9 374 0.674564
0 9 375 0.287845
0 9 376 -0.934811
0 9 377 1.35035
0 9 378 0.389407
0 9 379 -0.762936
0 9 380 -0.60278
0 9 381 0.662845
0 9 382 0.268314
0 9 383 1.43628
0 9 384 0.799564
0 9 385 -0.0676238
0 9 386 2.52613
0 9 387 0.0612825
0 9 388 -1.50903
0 9 389 1.74097
0 9 390 -1.62231
0 9 391 -1.60278
0 9 392 0.0730012
0 9 393 1.17066
0 9 394 1.6355
0 9 395 0.158939
0 9 396 -0.0324675
0 9 397 0.619876
0 9 398 -0.0129363
0 9 399 2.45972
0 9 400 1.99878
0 9 401 0.194095
0 9 402 -0.774655
0 9 403 -0.07153
0 9 404 0.893314
0 9 405 1.07691
0 9 406 1.52222
0 9 407 0.27222
0 9 408 -0.262936
0 9 409 -0.692624
0 9 410 -0.376218
0 9 411 -2.83325
0 9 412 1.0066
0 9 413 -1.29809
0 9 414 0.11597
0 9 415 0.791751
0 9 416 -0.200436
0 9 417 0.05347
0 9 418 0.0495637
0 9 419 1.00269
0 9 420 0.0808137
0 9 421 -1.50903
0 9 422 0.00659497
0 9 423 0.858157
0 9 424 -0.766843
0 9 425 0.905032
0 9 426 -0.876218
0 9 427 0.506595
0 9 428 1.81128
0 9 429 0.596439
0 9 430 0.221439
0 9 431 -0.641843
0 9 432 0.561282
0 9 433 -1.02075
0 9 434 -0.298093
0 9 435 0.530032
0 9 436 -0.212155
0 9 437 1.10425
0 9 438 0.037845
0 9 439 -0.75903
0 9 440 0.326907
0 9 441 -0.841061
0 9 442 -0.770749
0 9 443 0.221439
0 9 444 -0.743405
0 9 445 -0.669186
0 9 446 -2.99731
0 9 447 0.510501
0 9 448 2.22925
0 9 449 0.658939
0 9 450 2.05347
0 9 451 -0.356686
0 9 452 -0.145749
0 9 453 0.791751
0 9 454 1.33863
0 9 455 0.408939
0 9 456 -0.536374
0 9 457 2.0105
0 9 458 -0.192624
0 9 459 -0.989499
0 9 460 -0.274655
0 9 461 1.49878
0 9 462 -1.39575
0 9 463 1.79956
0 9 464 0.45972
0 9 465 3.11206
0 9 466 1.79566
0 9 467 -1.43872
0 9 468 2.50269
0 9 469 1.54566
0 9 470 2.17847
0 9 471 -1.13794
0 9 472 0.573001
0 9 473 0.506595
0 9 474 -0.864499
0 9 475 2.45972
0 9 476 0.069095
0 9 477 1.18238
0 9 478 0.748782
0 9 479 0.807376
0 9 480 1.12769
0 9 481 2.75659
0 9 482 1.89331
0 9 483 1.39722
0 9 484 1.5105
0 9 485 2.77222
0 9 486 2.04956
0 9 487 -2.51294
0 9 488 0.530032
0 9 489 2.41284
0 9 490 1.073
0 9 491 1.3816
0 9 492 0.86597
0 9 493 1.67456
0 9 494 1.92066
0 9 495 4.29175
0 9 496 1.8855
0 9 497 4.25269
0 9 498 3.34644
0 9 499 5.18628
0 9 500 5.84644
0 9 501 6.72925
0 9 502 8.65503
0 9 503 8.95972
0 9 504 13.0652
0 9 505 16.1668
0 9 506 18.6277
0 9 507 21.9207
0 9 508 21.2605
0 9 509 21.6589
0 9 510 20.8152
0 9 511 20.9089
