0 11 0 1.48691
0 11 1 0.846287
0 11 2 0.190037
0 11 3 -0.821682
0 11 4 -0.278713
0 11 5 -0.0130885
0 11 6 -1.82559
0 11 7 1.1666
0 11 8 -2.18496
0 11 9 1.76816
0 11 10 1.81113
0 11 11 -1.05996
0 11 12 0.52988
0 11 13 1.91269
0 11 14 -0.927151
0 11 15 0.463474
0 11 16 0.721287
0 11 17 0.0923803
0 11 18 1.28379
0 11 19 -0.356838
0 11 20 0.0494115
0 11 21 0.34238
0 11 22 1.83457
0 11 23 1.14707
0 11 24 1.03379
0 11 25 2.35019
0 11 26 -0.0873072
0 11 27 0.057224
0 11 28 -1.38418
0 11 29 0.826755
0 11 30 -2.16934
0 11 31 -0.224026
0 11 32 1.94004
0 11 33 -1.20449
0 11 34 1.31113
0 11 35 -1.42324
0 11 36 0.729099
0 11 37 0.0689428
0 11 38 -0.356838
0 11 39 0.233005
0 11 40 -0.415432
0 11 41 -4.04824
0 11 42 -0.567776
0 11 43 0.225193
0 11 44 0.537693
0 11 45 0.37363
0 11 46 0.412693
0 11 47 1.46347
0 11 48 1.12363
0 11 49 0.0806615
0 11 50 1.75254
0 11 51 0.264255
0 11 52 -0.290432
0 11 53 1.00254
0 11 54 1.49082
0 11 55 1.6041
0 11 56 1.80332
0 11 57 1.50644
0 11 58 -2.75918
0 11 59 -0.684963
0 11 60 -0.684963
0 11 61 2.17441
0 11 62 0.65488
0 11 63 0.772068
0 11 64 -0.997463
0 11 65 -1.09121
0 11 66 1.15879
0 11 67 1.02597
0 11 68 0.693943
0 11 69 1.53769
0 11 70 -0.388088
0 11 71 0.252537
0 11 72 -0.458401
0 11 73 0.510349
0 11 74 2.08457
0 11 75 -0.981838
0 11 76 1.14707
0 11 77 0.0455053
0 11 78 -0.169338
0 11 79 -1.74746
0 11 80 1.19785
0 11 81 1.04941
0 11 82 -1.59512
0 11 83 1.07285
0 11 84 0.885349
0 11 85 1.02988
0 11 86 0.147068
0 11 87 2.06894
0 11 88 0.877537
0 11 89 0.365818
0 11 90 2.42441
0 11 91 0.268162
0 11 92 0.416599
0 11 93 -0.106838
0 11 94 0.166599
0 11 95 1.02988
0 11 96 0.0845678
0 11 97 1.26035
0 11 98 -0.888088
0 11 99 0.951755
0 11 100 -1.68106
0 11 101 1.79551
0 11 102 -1.11856
0 11 103 0.100193
0 11 104 -0.747463
0 11 105 1.15097
0 11 106 -1.40371
0 11 107 0.24863
0 11 108 -1.23574
0 11 109 -0.204495
0 11 110 2.11582
0 11 111 -1.02481
0 11 112 1.43613
0 11 113 3.25644
0 11 114 1.34629
0 11 115 0.940037
0 11 116 2.42832
0 11 117 1.52988
0 11 118 -0.423245
0 11 119 0.861912
0 11 120 0.12363
0 11 121 -0.102932
0 11 122 -0.0912135
0 11 123 2.58066
0 11 124 1.16269
0 11 125 -0.884182
0 11 126 -0.852932
0 11 127 0.619724
0 11 128 1.61972
0 11 129 -1.78653
0 11 130 2.2916
0 11 131 -2.16153
0 11 132 -0.145901
0 11 133 0.0455053
0 11 134 0.358005
0 11 135 -0.544338
0 11 136 -0.0482447
0 11 137 0.912693
0 11 138 -0.821682
0 11 139 0.299412
0 11 140 0.807224
0 11 141 -2.20449
0 11 142 -0.868557
0 11 143 -0.399807
0 11 144 0.0298803
0 11 145 1.89707
0 11 146 -0.516995
0 11 147 -0.68887
0 11 148 0.252537
0 11 149 -1.21621
0 11 150 -0.224026
0 11 151 1.10801
0 11 152 -0.716213
0 11 153 -0.704495
0 11 154 0.545505
0 11 155 1.54551
0 11 156 0.108005
0 11 157 0.479099
0 11 158 0.647068
0 11 159 -1.03653
0 11 160 1.62754
0 11 161 0.057224
0 11 162 0.736912
0 11 163 0.674412
0 11 164 1.24863
0 11 165 -0.884182
0 11 166 0.733005
0 11 167 1.35019
0 11 168 0.166599
0 11 169 -0.630276
0 11 170 -0.923245
0 11 171 -1.4584
0 11 172 2.05332
0 11 173 -0.0560572
0 11 174 0.291599
0 11 175 2.53379
0 11 176 1.45566
0 11 177 0.588474
0 11 178 -0.399807
0 11 179 0.768162
0 11 180 0.318943
0 11 181 -1.45059
0 11 182 1.64316
0 11 183 0.96738
0 11 184 1.76816
0 11 185 -0.833401
0 11 186 0.705662
0 11 187 1.03379
0 11 188 -0.872463
0 11 189 1.7291
0 11 190 -0.567776
0 11 191 1.08457
0 11 192 -0.927151
0 11 193 3.67051
0 11 194 0.397068
0 11 195 -0.84512
0 11 196 0.463474
0 11 197 -1.81778
0 11 198 0.674412
0 11 199 0.713474
0 11 200 0.920505
0 11 201 2.42832
0 11 202 0.584568
0 11 203 -0.286526
0 11 204 -1.25918
0 11 205 -2.16543
0 11 206 -0.235745
0 11 207 1.63535
0 11 208 -0.677151
0 11 209 1.73691
0 11 210 0.93613
0 11 211 -0.548245
0 11 212 -1.3334
0 11 213 0.791599
0 11 214 1.60019
0 11 215 -1.24356
0 11 216 1.76816
0 11 217 0.881443
0 11 218 -1.46231
0 11 219 0.826755
0 11 220 0.307224
0 11 221 -0.536526
0 11 222 1.94394
0 11 223 0.752537
0 11 224 2.0416
0 11 225 0.420505
0 11 226 0.369724
0 11 227 -0.540432
0 11 228 1.33847
0 11 229 -0.114651
0 11 230 0.0220678
0 11 231 1.68613
0 11 232 0.385349
0 11 233 2.63926
0 11 234 0.377537
0 11 235 -2.00137
0 11 236 -1.16934
0 11 237 1.02597
0 11 238 1.20957
0 11 239 0.932224
0 11 240 1.59629
0 11 241 0.666599
0 11 242 2.36582
0 11 243 -0.841213
0 11 244 0.838474
0 11 245 -0.0482447
0 11 246 -0.641995
0 11 247 -0.677151
0 11 248 4.45957
0 11 249 0.424412
0 11 250 -1.67715
0 11 251 0.608005
0 11 252 0.416599
0 11 253 0.318943
0 11 254 -0.368557
0 11 255 0.986912
0 11 256 -2.42715
0 11 257 1.06504
0 11 258 2.2916
0 11 259 0.756443
0 11 260 -1.52871
0 11 261 0.697849
0 11 262 0.893162
0 11 263 0.494724
0 11 264 0.885349
0 11 265 0.494724
0 11 266 -0.462307
0 11 267 1.11972
0 11 268 0.37363
0 11 269 2.35019
0 11 270 -1.49746
0 11 271 2.0416
0 11 272 0.275974
0 11 273 0.18613
0 11 274 0.236912
0 11 275 1.45566
0 11 276 0.0494115
0 11 277 -0.891995
0 11 278 0.100193
0 11 279 0.0298803
0 11 280 0.682224
0 11 281 -0.90762
0 11 282 0.178318
0 11 283 1.63535
0 11 284 0.389255
0 11 285 -0.274807
0 11 286 0.283787
0 11 287 0.346287
0 11 288 1.08847
0 11 289 0.43613
0 11 290 0.56113
0 11 291 1.02207
0 11 292 0.221287
0 11 293 1.76426
0 11 294 -0.247463
0 11 295 -0.641995
0 11 296 0.818943
0 11 297 -0.62637
0 11 298 1.93222
0 11 299 -0.337307
0 11 300 1.30332
0 11 301 3.10801
0 11 302 -0.259182
0 11 303 0.752537
0 11 304 0.115818
0 11 305 2.31504
0 11 306 1.48691
0 11 307 0.318943
0 11 308 -1.21231
0 11 309 0.565037
0 11 310 1.35801
0 11 311 2.51816
0 11 312 1.60019
0 11 313 -0.306057
0 11 314 1.92832
0 11 315 2.19785
0 11 316 1.31504
0 11 317 1.7291
0 11 318 -1.00137
0 11 319 0.93613
0 11 320 1.39316
0 11 321 1.54941
0 11 322 1.74472
0 11 323 1.17441
0 11 324 0.490818
0 11 325 0.62363
0 11 326 1.33066
0 11 327 1.08066
0 11 328 1.1041
0 11 329 1.79941
0 11 330 -0.196682
0 11 331 0.807224
0 11 332 3.04551
0 11 333 2.47519
0 11 334 2.3541
0 11 335 3.95566
0 11 336 3.88535
0 11 337 6.01816
0 11 338 4.54551
0 11 339 5.19785
0 11 340 6.23691
0 11 341 7.16269
0 11 342 8.60019
0 11 343 11.3658
0 11 344 14.2135
0 11 345 13.9127
0 11 346 15.0416
0 11 347 15.7447
0 11 348 16.9713
0 11 349 17.401
0 11 350 19.3463
0 11 351 18.108
0 11 352 16.1549
0 11 353 16.8541
0 11 354 15.3072
0 11 355 11.2096
0 11 356 11.9439
0 11 357 6.97519
0 11 358 9.07676
0 11 359 5.00644
0 11 360 6.23691
0 11 361 3.46347
0 11 362 2.4166
0 11 363 3.39707
0 11 364 2.31894
0 11 365 0.756443
0 11 366 1.30332
0 11 367 -1.03262
0 11 368 2.03769
0 11 369 -0.821682
0 11 370 1.39316
0 11 371 0.322849
0 11 372 -0.423245
0 11 373 0.600193
0 11 374 -0.181057
0 11 375 1.61972
0 11 376 -1.48574
0 11 377 0.756443
0 11 378 -2.5209
0 11 379 -0.192776
0 11 380 1.39707
0 11 381 1.13926
0 11 382 2.94394
0 11 383 0.588474
0 11 384 -0.575588
0 11 385 2.96347
0 11 386 1.06504
0 11 387 1.64316
0 11 388 1.5416
0 11 389 -1.29824
0 11 390 0.00644278
0 11 391 1.00254
0 11 392 1.99863
0 11 393 0.678318
0 11 394 -1.17324
0 11 395 -0.614651
0 11 396 0.924412
0 11 397 0.52988
0 11 398 0.287693
0 11 399 0.576755
0 11 400 -0.485745
0 11 401 0.959568
0 11 402 -1.60293
0 11 403 -0.368557
0 11 404 0.971287
0 11 405 0.322849
0 11 406 2.76816
0 11 407 0.272068
0 11 408 -1.23965
0 11 409 2.22519
0 11 410 -0.84512
0 11 411 -0.0404322
0 11 412 1.50644
0 11 413 0.150974
0 11 414 0.74863
0 11 415 -1.46621
0 11 416 -0.974026
0 11 417 -1.01309
0 11 418 0.541599
0 11 419 -1.15371
0 11 420 1.21738
0 11 421 1.23301
0 11 422 0.709568
0 11 423 -1.52481
0 11 424 -1.35684
0 11 425 0.0494115
0 11 426 0.725193
0 11 427 0.955662
0 11 428 0.381443
0 11 429 2.56894
0 11 430 0.471287
0 11 431 -0.958401
0 11 432 -0.466213
0 11 433 -0.349026
0 11 434 0.21738
0 11 435 0.299412
0 11 436 0.568943
0 11 437 1.11191
0 11 438 0.924412
0 11 439 -1.20449
0 11 440 -1.0209
0 11 441 0.658787
0 11 442 0.838474
0 11 443 -0.224026
0 11 444 2.14316
0 11 445 1.25254
0 11 446 -1.76309
0 11 447 -0.25137
0 11 448 1.1666
0 11 449 0.334568
0 11 450 2.69394
0 11 451 -1.12637
0 11 452 0.127537
0 11 453 1.36972
0 11 454 1.72129
0 11 455 -1.2709
0 11 456 0.303318
0 11 457 -2.22793
0 11 458 -0.837307
0 11 459 0.643162
0 11 460 -0.954495
0 11 461 -0.923245
0 11 462 1.13926
0 11 463 0.338474
0 11 464 -0.208401
0 11 465 -0.763088
0 11 466 -0.0169947
0 11 467 0.162693
0 11 468 -0.684963
0 11 469 0.666599
0 11 470 -0.306057
0 11 471 -1.10293
0 11 472 0.432224
0 11 473 -1.69668
0 11 474 0.00644278
0 11 475 -0.579495
0 11 476 0.893162
0 11 477 0.205662
0 11 478 -0.821682
0 11 479 -0.145901
0 11 480 -1.22403
0 11 481 -0.571682
0 11 482 1.95566
0 11 483 -3.78262
0 11 484 -0.966213
0 11 485 0.557224
0 11 486 -0.485745
0 11 487 -0.62637
0 11 488 -0.567776
0 11 489 0.178318
0 11 490 2.49472
0 11 491 0.647068
0 11 492 1.23691
0 11 493 -0.677151
0 11 494 0.287693
0 11 495 -2.11465
0 11 496 0.0650365
0 11 497 0.127537
0 11 498 0.170505
0 11 499 1.7291
0 11 500 0.635349
0 11 501 2.64707
0 11 502 -0.712307
0 11 503 0.143162
0 11 504 0.240818
0 11 505 0.260349
0 11 506 1.56504
0 11 507 1.20176
0 11 508 0.330662
0 11 509 -0.0638697
0 11 510 1.97519
0 11 511 -1.05996
