0 23 0 1.00487
0 23 1 2.6455
0 23 2 -1.22169
0 23 3 -1.94825
0 23 4 -0.00294237
0 23 5 0.207995
0 23 6 0.731433
0 23 7 -1.98732
0 23 8 -5.01076
0 23 9 0.325183
0 23 10 -0.0498174
0 23 11 -0.417005
0 23 12 -1.15919
0 23 13 -1.24513
0 23 14 1.40331
0 23 15 -1.36232
0 23 16 -1.19044
0 23 17 -0.80763
0 23 18 0.528308
0 23 19 -0.354505
0 23 20 0.12987
0 23 21 -0.30763
0 23 22 -1.37794
0 23 23 -0.604505
0 23 24 1.2705
0 23 25 -2.19044
0 23 26 -0.0341924
0 23 27 -0.40138
0 23 28 -1.96388
0 23 29 0.426745
0 23 30 1.53612
0 23 31 -2.17482
0 23 32 -1.65919
0 23 33 -0.62013
0 23 34 0.387683
0 23 35 -0.604505
0 23 36 1.958
0 23 37 0.145495
0 23 38 -0.0966924
0 23 39 2.97362
0 23 40 -1.26857
0 23 41 -3.22169
0 23 42 0.114245
0 23 43 0.332995
0 23 44 0.340808
0 23 45 -0.49513
0 23 46 3.01268
0 23 47 2.17675
0 23 48 -2.29982
0 23 49 -0.30763
0 23 50 1.17675
0 23 51 0.31737
0 23 52 -1.18263
0 23 53 0.168933
0 23 54 -0.43263
0 23 55 -0.260755
0 23 56 -2.52638
0 23 57 1.95018
0 23 58 -1.11232
0 23 59 -0.284192
0 23 60 -0.417005
0 23 61 -1.50294
0 23 62 1.47362
0 23 63 -2.40919
0 23 64 -2.12794
0 23 65 1.13768
0 23 66 3.87206
0 23 67 0.81737
0 23 68 -2.69044
0 23 69 -2.64357
0 23 70 -2.3545
0 23 71 2.3955
0 23 72 3.43456
0 23 73 -0.0185674
0 23 74 2.28612
0 23 75 -3.21388
0 23 76 0.207995
0 23 77 0.403308
0 23 78 -1.15919
0 23 79 0.965808
0 23 80 -3.32325
0 23 81 3.56737
0 23 82 2.958
0 23 83 0.864245
0 23 84 -2.95607
0 23 85 2.958
0 23 86 -0.487317
0 23 87 0.81737
0 23 88 1.41893
0 23 89 2.73143
0 23 90 0.497058
0 23 91 1.38768
0 23 92 3.26268
0 23 93 0.50487
0 23 94 0.22362
0 23 95 2.44237
0 23 96 -3.01857
0 23 97 -0.737317
0 23 98 -1.01075
0 23 99 -0.80763
0 23 100 1.04393
0 23 101 -0.799817
0 23 102 -1.76075
0 23 103 -0.15138
0 23 104 -2.19825
0 23 105 -1.12794
0 23 106 0.0283076
0 23 107 0.403308
0 23 108 0.340808
0 23 109 -0.323255
0 23 110 -2.292
0 23 111 -5.80763
0 23 112 1.24706
0 23 113 -0.456067
0 23 114 -0.565442
0 23 115 0.684558
0 23 116 -2.50294
0 23 117 1.71581
0 23 118 1.11425
0 23 119 -1.417
0 23 120 -0.221692
0 23 121 -0.65138
0 23 122 -4.47951
0 23 123 2.03612
0 23 124 0.864245
0 23 125 2.51268
0 23 126 0.832995
0 23 127 -1.75294
0 23 128 1.61425
0 23 129 0.707995
0 23 130 -2.50294
0 23 131 -1.52638
0 23 132 -2.167
0 23 133 -2.06544
0 23 134 -0.987317
0 23 135 3.208
0 23 136 4.73143
0 23 137 -0.0576299
0 23 138 -0.190442
0 23 139 -0.159192
0 23 140 2.52831
0 23 141 1.833
0 23 142 -2.29982
0 23 143 0.34862
0 23 144 1.958
0 23 145 -1.38575
0 23 146 -1.46388
0 23 147 -0.573255
0 23 148 5.84862
0 23 149 0.215808
0 23 150 0.50487
0 23 151 3.20018
0 23 152 -2.96388
0 23 153 1.01268
0 23 154 -0.424817
0 23 155 1.69237
0 23 156 -0.71388
0 23 157 3.22362
0 23 158 -0.206067
0 23 159 0.278308
0 23 160 0.957995
0 23 161 2.44237
0 23 162 0.184558
0 23 163 -1.72169
0 23 164 -0.0420049
0 23 165 1.66112
0 23 166 -2.94825
0 23 167 3.35643
0 23 168 0.715808
0 23 169 -0.409192
0 23 170 0.747058
0 23 171 2.15331
0 23 172 0.0829951
0 23 173 -1.76857
0 23 174 3.24706
0 23 175 -0.565442
0 23 176 -0.737317
0 23 177 4.26268
0 23 178 2.15331
0 23 179 1.23143
0 23 180 0.668933
0 23 181 -2.99513
0 23 182 5.05956
0 23 183 -0.542005
0 23 184 -0.893567
0 23 185 0.309558
0 23 186 -2.82325
0 23 187 -2.01857
0 23 188 0.153308
0 23 189 -0.221692
0 23 190 -0.956067
0 23 191 -1.3545
0 23 192 0.81737
0 23 193 -3.58107
0 23 194 2.74706
0 23 195 4.02049
0 23 196 -1.80763
0 23 197 1.05956
0 23 198 -3.33888
0 23 199 -3.26857
0 23 200 0.168933
0 23 201 3.42675
0 23 202 -1.20607
0 23 203 -1.58888
0 23 204 -1.52638
0 23 205 -0.737317
0 23 206 5.27049
0 23 207 2.60643
0 23 208 0.856433
0 23 209 1.79393
0 23 210 -0.0966924
0 23 211 1.23925
0 23 212 -2.12794
0 23 213 -1.46388
0 23 214 -2.46388
0 23 215 -2.40138
0 23 216 -0.77638
0 23 217 -1.07325
0 23 218 -1.51857
0 23 219 1.958
0 23 220 0.176745
0 23 221 0.0908076
0 23 222 -2.78419
0 23 223 0.94237
0 23 224 -2.21388
0 23 225 3.958
0 23 226 -2.40138
0 23 227 -0.49513
0 23 228 1.04393
0 23 229 -2.61232
0 23 230 0.403308
0 23 231 -1.63575
0 23 232 -1.53419
0 23 233 0.551745
0 23 234 -2.77638
0 23 235 -0.0654424
0 23 236 2.16893
0 23 237 0.00487013
0 23 238 -2.6045
0 23 239 1.96581
0 23 240 0.184558
0 23 241 -1.96388
0 23 242 0.293933
0 23 243 -0.127942
0 23 244 -4.11232
0 23 245 2.30956
0 23 246 0.62987
0 23 247 1.3955
0 23 248 5.11424
0 23 249 2.37987
0 23 250 2.70018
0 23 251 0.137683
0 23 252 1.30956
0 23 253 -0.237317
0 23 254 -2.69044
0 23 255 -1.08107
0 23 256 0.801745
0 23 257 0.176745
0 23 258 -1.62794
0 23 259 0.176745
0 23 260 -2.09669
0 23 261 2.67675
0 23 262 3.60643
0 23 263 -2.08107
0 23 264 -6.46388
0 23 265 1.91893
0 23 266 -2.75294
0 23 267 1.708
0 23 268 -1.23732
0 23 269 0.645495
0 23 270 -2.61232
0 23 271 0.137683
0 23 272 1.98143
0 23 273 1.333
0 23 274 4.20018
0 23 275 -0.885755
0 23 276 -1.65138
0 23 277 1.44237
0 23 278 -0.690442
0 23 279 1.0205
0 23 280 -0.37013
0 23 281 0.340808
0 23 282 2.29393
0 23 283 -0.604505
0 23 284 2.05175
0 23 285 1.19237
0 23 286 -4.26076
0 23 287 1.55956
0 23 288 0.684558
0 23 289 1.62987
0 23 290 1.32518
0 23 291 -1.292
0 23 292 -1.49513
0 23 293 -1.542
0 23 294 -1.64357
0 23 295 -1.38575
0 23 296 0.0439326
0 23 297 -1.36232
0 23 298 -0.0107549
0 23 299 -0.417005
0 23 300 0.372058
0 23 301 2.208
0 23 302 2.18456
0 23 303 -0.30763
0 23 304 1.66893
0 23 305 0.207995
0 23 306 2.31737
0 23 307 0.31737
0 23 308 -1.30763
0 23 309 3.79393
0 23 310 -4.66701
0 23 311 0.94237
0 23 312 -1.6045
0 23 313 3.05956
0 23 314 1.30956
0 23 315 -0.112317
0 23 316 0.801745
0 23 317 2.40331
0 23 318 -0.323255
0 23 319 -0.768567
0 23 320 2.52831
0 23 321 -0.346692
0 23 322 2.74706
0 23 323 0.676745
0 23 324 -2.03419
0 23 325 -2.14357
0 23 326 0.489245
0 23 327 3.86425
0 23 328 -0.0654424
0 23 329 2.73143
0 23 330 3.23925
0 23 331 3.0205
0 23 332 0.364245
0 23 333 1.10643
0 23 334 4.77831
0 23 335 0.543933
0 23 336 1.47362
0 23 337 -3.88575
0 23 338 3.62987
0 23 339 -1.07325
0 23 340 1.18456
0 23 341 -1.74513
0 23 342 -1.22169
0 23 343 0.84862
0 23 344 0.325183
0 23 345 2.26268
0 23 346 2.37206
0 23 347 0.465808
0 23 348 1.80956
0 23 349 4.47362
0 23 350 1.41112
0 23 351 2.47362
0 23 352 2.01268
0 23 353 6.26268
0 23 354 5.92674
0 23 355 3.583
0 23 356 10.9033
0 23 357 13.4346
0 23 358 9.72362
0 23 359 8.91112
0 23 360 11.208
0 23 361 14.8408
0 23 362 13.3721
0 23 363 14.2783
0 23 364 15.7783
0 23 365 9.67675
0 23 366 14.5517
0 23 367 13.3799
0 23 368 9.05956
0 23 369 8.93456
0 23 370 7.60643
0 23 371 5.49706
0 23 372 5.68456
0 23 373 4.15331
0 23 374 0.582995
0 23 375 1.69237
0 23 376 0.262683
0 23 377 -1.52638
0 23 378 -1.94825
0 23 379 -1.417
0 23 380 -1.1045
0 23 381 -2.67482
0 23 382 1.208
0 23 383 -0.424817
0 23 384 0.97362
0 23 385 1.0205
0 23 386 -2.53419
0 23 387 -0.33888
0 23 388 2.41112
0 23 389 -1.29982
0 23 390 3.63768
0 23 391 1.62987
0 23 392 0.387683
0 23 393 -0.698255
0 23 394 -0.737317
0 23 395 2.01268
0 23 396 -1.26857
0 23 397 -1.05763
0 23 398 -3.94044
0 23 399 -0.510755
0 23 400 -1.88575
0 23 401 -1.05763
0 23 402 -4.65138
0 23 403 -0.135755
0 23 404 1.78612
0 23 405 -0.456067
0 23 406 -3.13575
0 23 407 -1.22169
0 23 408 -0.948255
0 23 409 0.418933
0 23 410 -0.315442
0 23 411 -0.479505
0 23 412 0.332995
0 23 413 -3.2295
0 23 414 -0.612317
0 23 415 1.91893
0 23 416 -0.30763
0 23 417 -2.49513
0 23 418 -2.28419
0 23 419 -3.36232
0 23 420 1.66112
0 23 421 -1.18263
0 23 422 -0.167005
0 23 423 -0.331067
0 23 424 -2.81544
0 23 425 -0.862317
0 23 426 -2.26857
0 23 427 -0.518567
0 23 428 -1.15138
0 23 429 -1.17482
0 23 430 0.0439326
0 23 431 3.30956
0 23 432 3.76268
0 23 433 1.54393
0 23 434 0.590808
0 23 435 -0.940442
0 23 436 0.872058
0 23 437 -3.13575
0 23 438 1.21581
0 23 439 0.00487013
0 23 440 5.20018
0 23 441 2.60643
0 23 442 -0.198255
0 23 443 -0.190442
0 23 444 -0.268567
0 23 445 -1.50294
0 23 446 1.57518
0 23 447 3.30175
0 23 448 -2.07325
0 23 449 -1.40919
0 23 450 -3.69044
0 23 451 -0.77638
0 23 452 -1.51075
0 23 453 -1.31544
0 23 454 -1.99513
0 23 455 -0.721692
0 23 456 1.91893
0 23 457 0.16112
0 23 458 1.51268
0 23 459 -1.32325
0 23 460 -1.05763
0 23 461 -0.721692
0 23 462 -3.27638
0 23 463 2.87206
0 23 464 -0.768567
0 23 465 -3.08107
0 23 466 1.30956
0 23 467 1.333
0 23 468 1.01268
0 23 469 0.145495
0 23 470 -0.58888
0 23 471 0.87987
0 23 472 -2.042
0 23 473 -0.65138
0 23 474 -1.76857
0 23 475 2.3955
0 23 476 0.582995
0 23 477 -1.14357
0 23 478 -0.956067
0 23 479 -0.46388
0 23 480 -0.167005
0 23 481 -1.08888
0 23 482 -1.33888
0 23 483 -1.69825
0 23 484 0.528308
0 23 485 -1.12794
0 23 486 1.15331
0 23 487 0.801745
0 23 488 0.700183
0 23 489 2.00487
0 23 490 -0.354505
0 23 491 -1.62794
0 23 492 -1.20607
0 23 493 -0.65138
0 23 494 -1.9795
0 23 495 -1.54982
0 23 496 1.34081
0 23 497 1.25487
0 23 498 -0.409192
0 23 499 -0.690442
0 23 500 2.35643
0 23 501 1.40331
0 23 502 3.41112
0 23 503 2.47362
0 23 504 1.458
0 23 505 0.97362
0 23 506 1.65331
0 23 507 -2.23732
0 23 508 -0.0498174
0 23 509 2.13768
0 23 510 0.606433
0 23 511 -0.784192
