0 20 0 -1.51309
0 20 1 1.13535
0 20 2 2.88535
0 20 3 -0.161526
0 20 4 -0.145901
0 20 5 -1.39981
0 20 6 -0.102932
0 20 7 -0.173245
0 20 8 1.26816
0 20 9 -0.989651
0 20 10 0.604099
0 20 11 0.193943
0 20 12 1.37363
0 20 13 3.0416
0 20 14 0.338474
0 20 15 -0.0130885
0 20 16 0.283787
0 20 17 -0.380276
0 20 18 1.36191
0 20 19 -0.454495
0 20 20 -0.0169947
0 20 21 1.26426
0 20 22 1.50254
0 20 23 1.92051
0 20 24 0.940037
0 20 25 2.24472
0 20 26 1.70957
0 20 27 0.772068
0 20 28 1.03769
0 20 29 1.5416
0 20 30 2.67832
0 20 31 1.10019
0 20 32 3.01816
0 20 33 0.0923803
0 20 34 3.76816
0 20 35 2.19004
0 20 36 6.15097
0 20 37 6.32285
0 20 38 6.55332
0 20 39 9.94394
0 20 40 9.41269
0 20 41 10.6275
0 20 42 11.0455
0 20 43 13.5338
0 20 44 13.565
0 20 45 14.9752
0 20 46 13.4322
0 20 47 8.7916
0 20 48 15.151
0 20 49 14.5455
0 20 50 15.1119
0 20 51 9.61972
0 20 52 9.31504
0 20 53 5.59629
0 20 54 5.50644
0 20 55 1.98691
0 20 56 1.13535
0 20 57 1.3541
0 20 58 4.38535
0 20 59 1.47519
0 20 60 1.37754
0 20 61 0.947849
0 20 62 0.412693
0 20 63 1.89707
0 20 64 -1.80996
0 20 65 -0.130276
0 20 66 -0.231838
0 20 67 -0.0482447
0 20 68 1.06113
0 20 69 0.108005
0 20 70 1.58847
0 20 71 -3.34903
0 20 72 2.19004
0 20 73 0.354099
0 20 74 -0.880276
0 20 75 0.291599
0 20 76 2.99472
0 20 77 0.354099
0 20 78 -0.286526
0 20 79 0.608005
0 20 80 0.471287
0 20 81 1.12754
0 20 82 -1.68496
0 20 83 1.64316
0 20 84 -2.43887
0 20 85 2.31504
0 20 86 1.31894
0 20 87 -1.21621
0 20 88 1.95957
0 20 89 -2.5834
0 20 90 1.40097
0 20 91 0.674412
0 20 92 1.50644
0 20 93 -0.712307
0 20 94 0.518162
0 20 95 -4.26699
0 20 96 0.412693
0 20 97 3.19004
0 20 98 -0.622463
0 20 99 -1.07559
0 20 100 0.010349
0 20 101 0.240818
0 20 102 2.55332
0 20 103 0.666599
0 20 104 0.733005
0 20 105 1.39707
0 20 106 0.428318
0 20 107 1.61191
0 20 108 3.7291
0 20 109 2.56504
0 20 110 1.23691
0 20 111 -0.0873072
0 20 112 0.393162
0 20 113 1.2916
0 20 114 1.1666
0 20 115 1.10801
0 20 116 -0.915432
0 20 117 -0.388088
0 20 118 -3.71231
0 20 119 -0.341213
0 20 120 -0.0638697
0 20 121 -2.34512
0 20 122 0.209568
0 20 123 1.47519
0 20 124 0.213474
0 20 125 0.346287
0 20 126 -1.50918
0 20 127 0.471287
0 20 128 -0.477932
0 20 129 -0.997463
0 20 130 2.99082
0 20 131 2.91269
0 20 132 -0.454495
0 20 133 -0.559963
0 20 134 -1.71231
0 20 135 0.71738
0 20 136 0.799412
0 20 137 -0.536526
0 20 138 -1.01309
0 20 139 -1.62246
0 20 140 -0.40762
0 20 141 0.0220678
0 20 142 -1.07949
0 20 143 1.04551
0 20 144 1.31113
0 20 145 -1.31778
0 20 146 -1.1459
0 20 147 0.34238
0 20 148 -1.92324
0 20 149 1.26035
0 20 150 -0.368557
0 20 151 0.604099
0 20 152 3.10019
0 20 153 1.39316
0 20 154 -1.9584
0 20 155 2.52207
0 20 156 0.87363
0 20 157 -0.177151
0 20 158 -2.31778
0 20 159 -0.0404322
0 20 160 -2.21231
0 20 161 -1.15762
0 20 162 -0.298245
0 20 163 -1.30606
0 20 164 0.943943
0 20 165 1.81894
0 20 166 1.53379
0 20 167 1.74082
0 20 168 1.95566
0 20 169 0.170505
0 20 170 -0.481838
0 20 171 0.584568
0 20 172 1.57676
0 20 173 -0.53262
0 20 174 1.10019
0 20 175 -1.31387
0 20 176 -0.681057
0 20 177 -1.63028
0 20 178 0.424412
0 20 179 -0.333401
0 20 180 -0.856838
0 20 181 -0.903713
0 20 182 0.975193
0 20 183 -2.08731
0 20 184 -0.169338
0 20 185 -0.43887
0 20 186 -0.0560572
0 20 187 0.260349
0 20 188 0.272068
0 20 189 0.00644278
0 20 190 2.43613
0 20 191 3.67051
0 20 192 -0.15762
0 20 193 -0.993557
0 20 194 -0.145901
0 20 195 -0.224026
0 20 196 -0.306057
0 20 197 3.26426
0 20 198 1.76035
0 20 199 3.15488
0 20 200 0.744724
0 20 201 -0.352932
0 20 202 0.850193
0 20 203 3.25254
0 20 204 3.14707
0 20 205 -1.4584
0 20 206 1.44004
0 20 207 2.76035
0 20 208 -0.321682
0 20 209 0.287693
0 20 210 -1.05606
0 20 211 0.389255
0 20 212 0.174412
0 20 213 0.139255
0 20 214 -0.122463
0 20 215 0.0611303
0 20 216 -1.35684
0 20 217 0.334568
0 20 218 -0.192776
0 20 219 2.30332
0 20 220 2.02597
0 20 221 -0.200588
0 20 222 1.7291
0 20 223 1.93222
0 20 224 2.63535
0 20 225 0.565037
0 20 226 -0.165432
0 20 227 0.650974
0 20 228 -0.0443385
0 20 229 0.221287
0 20 230 -3.66543
0 20 231 0.881443
0 20 232 3.51035
0 20 233 1.35801
0 20 234 -1.07559
0 20 235 -0.743557
0 20 236 -1.93887
0 20 237 3.20176
0 20 238 1.49863
0 20 239 1.24863
0 20 240 -0.395901
0 20 241 0.100193
0 20 242 1.54551
0 20 243 0.365818
0 20 244 -1.25528
0 20 245 1.65488
0 20 246 0.537693
0 20 247 0.951755
0 20 248 -0.919338
0 20 249 0.65488
0 20 250 0.233005
0 20 251 1.22129
0 20 252 1.50644
0 20 253 3.51816
0 20 254 0.0962865
0 20 255 1.92832
0 20 256 1.61972
0 20 257 2.21347
0 20 258 -1.56778
0 20 259 2.00254
0 20 260 1.01816
0 20 261 0.18613
0 20 262 -1.29043
0 20 263 -1.02481
0 20 264 -1.03653
0 20 265 2.4166
0 20 266 2.53379
0 20 267 -1.18106
0 20 268 2.66269
0 20 269 -2.92715
0 20 270 0.963474
0 20 271 0.213474
0 20 272 0.432224
0 20 273 -1.04434
0 20 274 0.697849
0 20 275 1.94394
0 20 276 -0.62637
0 20 277 2.02988
0 20 278 -2.61465
0 20 279 0.389255
0 20 280 0.955662
0 20 281 -1.20059
0 20 282 0.93613
0 20 283 0.264255
0 20 284 0.428318
0 20 285 1.20566
0 20 286 -0.891995
0 20 287 1.35801
0 20 288 -1.79434
0 20 289 1.92051
0 20 290 1.9166
0 20 291 2.25254
0 20 292 0.510349
0 20 293 2.45566
0 20 294 1.54551
0 20 295 0.65488
0 20 296 0.46738
0 20 297 -0.403713
0 20 298 0.90488
0 20 299 0.565037
0 20 300 -0.0130885
0 20 301 0.912693
0 20 302 -1.23184
0 20 303 0.565037
0 20 304 -1.03653
0 20 305 -1.55606
0 20 306 0.729099
0 20 307 -0.169338
0 20 308 1.30722
0 20 309 -4.02871
0 20 310 2.35019
0 20 311 1.62754
0 20 312 -0.622463
0 20 313 -2.68496
0 20 314 0.127537
0 20 315 1.46738
0 20 316 0.486912
0 20 317 0.315037
0 20 318 0.826755
0 20 319 -0.40762
0 20 320 0.604099
0 20 321 1.79941
0 20 322 2.15879
0 20 323 -0.431057
0 20 324 3.99863
0 20 325 -0.78262
0 20 326 -0.0755885
0 20 327 0.533787
0 20 328 -1.30996
0 20 329 -0.247463
0 20 330 1.93222
0 20 331 -0.934963
0 20 332 0.354099
0 20 333 1.05722
0 20 334 1.39316
0 20 335 0.670505
0 20 336 2.80722
0 20 337 2.90879
0 20 338 2.55722
0 20 339 0.768162
0 20 340 0.850193
0 20 341 2.8541
0 20 342 1.32676
0 20 343 -0.114651
0 20 344 0.334568
0 20 345 -1.40371
0 20 346 -0.552151
0 20 347 -0.958401
0 20 348 -0.212307
0 20 349 2.04551
0 20 350 0.307224
0 20 351 1.54551
0 20 352 -1.25137
0 20 353 1.84629
0 20 354 1.92441
0 20 355 2.06504
0 20 356 0.658787
0 20 357 1.33457
0 20 358 0.420505
0 20 359 -0.583401
0 20 360 1.86582
0 20 361 1.29551
0 20 362 2.11582
0 20 363 2.26035
0 20 364 -0.177151
0 20 365 -0.841213
0 20 366 1.01035
0 20 367 -2.44668
0 20 368 -0.341213
0 20 369 1.95566
0 20 370 1.99472
0 20 371 -0.243557
0 20 372 3.49082
0 20 373 1.49472
0 20 374 -1.97012
0 20 375 -0.231838
0 20 376 1.27988
0 20 377 -1.03262
0 20 378 -0.774807
0 20 379 2.20957
0 20 380 4.33066
0 20 381 0.697849
0 20 382 1.33457
0 20 383 1.43222
0 20 384 -1.72793
0 20 385 0.00253653
0 20 386 0.34238
0 20 387 0.131443
0 20 388 1.34238
0 20 389 -0.669338
0 20 390 2.60019
0 20 391 1.10019
0 20 392 2.38535
0 20 393 0.666599
0 20 394 0.682224
0 20 395 -0.083401
0 20 396 -0.134182
0 20 397 -1.51699
0 20 398 0.225193
0 20 399 0.139255
0 20 400 0.90488
0 20 401 -0.669338
0 20 402 -1.27871
0 20 403 -0.0404322
0 20 404 0.0142553
0 20 405 0.815037
0 20 406 2.85019
0 20 407 1.87754
0 20 408 -0.735745
0 20 409 -2.17715
0 20 410 -0.192776
0 20 411 -1.29824
0 20 412 -2.47012
0 20 413 0.377537
0 20 414 -1.06778
0 20 415 2.62363
0 20 416 -2.54824
0 20 417 0.983005
0 20 418 2.85801
0 20 419 1.31113
0 20 420 2.51426
0 20 421 1.41269
0 20 422 5.00254
0 20 423 -0.110745
0 20 424 3.53379
0 20 425 -1.27481
0 20 426 1.61972
0 20 427 -1.51699
0 20 428 0.662693
0 20 429 -0.47012
0 20 430 0.850193
0 20 431 0.96738
0 20 432 -0.0794947
0 20 433 -0.567776
0 20 434 -0.614651
0 20 435 0.783787
0 20 436 1.6041
0 20 437 0.283787
0 20 438 1.63144
0 20 439 2.54551
0 20 440 -1.2084
0 20 441 3.24863
0 20 442 1.74082
0 20 443 0.963474
0 20 444 -0.235745
0 20 445 -1.07168
0 20 446 -1.22793
0 20 447 1.19394
0 20 448 -0.0482447
0 20 449 3.11582
0 20 450 -0.099026
0 20 451 -2.09903
0 20 452 0.975193
0 20 453 1.84238
0 20 454 0.690037
0 20 455 -1.97012
0 20 456 1.9791
0 20 457 1.42832
0 20 458 -0.18887
0 20 459 0.104099
0 20 460 2.71738
0 20 461 0.291599
0 20 462 2.33847
0 20 463 0.533787
0 20 464 -0.337307
0 20 465 1.38926
0 20 466 1.72519
0 20 467 -0.602932
0 20 468 -0.106838
0 20 469 -0.25137
0 20 470 -0.0599635
0 20 471 0.0298803
0 20 472 1.1666
0 20 473 4.44394
0 20 474 0.682224
0 20 475 2.36582
0 20 476 1.76816
0 20 477 2.25254
0 20 478 0.127537
0 20 479 1.61191
0 20 480 1.0416
0 20 481 1.51816
0 20 482 2.76426
0 20 483 0.557224
0 20 484 -0.817776
0 20 485 0.869724
0 20 486 1.01426
0 20 487 0.608005
0 20 488 1.7916
0 20 489 0.443943
0 20 490 -1.16153
0 20 491 -0.774807
0 20 492 1.92832
0 20 493 -1.69668
0 20 494 -0.43887
0 20 495 2.54551
0 20 496 1.3541
0 20 497 -0.462307
0 20 498 3.19394
0 20 499 -0.641995
0 20 500 3.17441
0 20 501 -0.47012
0 20 502 2.51426
0 20 503 2.78769
0 20 504 1.86972
0 20 505 -0.0794947
0 20 506 3.59238
0 20 507 -0.052151
0 20 508 0.00644278
0 20 509 -1.23965
0 20 510 0.088474
0 20 511 2.05332
