0 26 0 0.0076037
0 26 1 0.00133233
0 26 2 -0.0055036
0 26 3 -0.00225348
0 26 4 0.0105486
0 26 5 0.00394159
0 26 6 0.00191217
0 26 7 -0.0226697
0 26 8 -0.000758121
0 26 9 0.000645688
0 26 10 -0.00249762
0 26 11 6.58537e-05
0 26 12 -0.000925968
0 26 13 0.0193072
0 26 14 0.0205279
0 26 15 0.00818353
0 26 16 0.00992303
0 26 17 0.0254565
0 26 18 -0.00399298
0 26 19 0.00412469
0 26 20 0.0166979
0 26 21 0.0231371
0 26 22 0.0136309
0 26 23 -0.0138502
0 26 24 0.00510125
0 26 25 -0.00220771
0 26 26 0.00655084
0 26 27 0.0257464
0 26 28 0.0199481
0 26 29 0.0107317
0 26 30 0.00673394
0 26 31 0.0156603
0 26 32 0.0106707
0 26 33 0.0298052
0 26 34 0.000355771
0 26 35 0.00702386
0 26 36 0.0109606
0 26 37 0.00928216
0 26 38 0.0253954
0 26 39 -0.00243659
0 26 40 -0.0192365
0 26 41 -0.00765509
0 26 42 0.00290399
0 26 43 -0.00243659
0 26 44 -0.01089
0 26 45 0.00406366
0 26 46 -0.000697086
0 26 47 -0.00950141
0 26 48 -0.0101423
0 26 49 -0.0030622
0 26 50 0.0138598
0 26 51 0.0121203
0 26 52 0.00858026
0 26 53 0.00713067
0 26 54 0.0101519
0 26 55 -0.00695319
0 26 56 0.00394159
0 26 57 0.0102587
0 26 58 -0.0176191
0 26 59 -0.00968451
0 26 60 0.00330072
0 26 61 -0.00179572
0 26 62 0.00893121
0 26 63 0.00818353
0 26 64 -0.0015058
0 26 65 -0.00811286
0 26 66 -0.00260443
0 26 67 0.000691464
0 26 68 0.0188952
0 26 69 -0.00509162
0 26 70 0.0154162
0 26 71 0.0141497
0 26 72 0.0126391
0 26 73 -0.0104932
0 26 74 -0.00127692
0 26 75 -0.0201673
0 26 76 -0.0138502
0 26 77 -0.00196357
0 26 78 0.0177355
0 26 79 0.0185595
0 26 80 0.0385027
0 26 81 0.0187274
0 26 82 0.0378619
0 26 83 0.00522332
0 26 84 0.0255633
0 26 85 0.033391
0 26 86 0.0382128
0 26 87 0.0285845
0 26 88 0.0586749
0 26 89 0.103185
0 26 90 0.105397
0 26 91 0.155141
0 26 92 0.189748
0 26 93 0.349172
0 26 94 0.904759
0 26 95 2.19364
0 26 96 3.57876
0 26 97 3.77395
0 26 98 3.06177
0 26 99 1.90181
0 26 100 0.814794
0 26 101 0.270146
0 26 102 0.09966
0 26 103 0.0485278
0 26 104 0.030202
0 26 105 0.0304308
0 26 106 -0.0191297
0 26 107 -0.00736518
0 26 108 -0.0032453
0 26 109 0.0204669
0 26 110 -0.00840277
0 26 111 -0.0251569
0 26 112 -0.00301642
0 26 113 0.019765
0 26 114 0.0164691
0 26 115 0.0121203
0 26 116 0.00580316
0 26 117 0.00499444
0 26 118 0.00980096
0 26 119 -0.00991339
0 26 120 0.00528436
0 26 121 0.00539117
0 26 122 -0.0183668
0 26 123 4.81856e-06
0 26 124 -0.0142621
0 26 125 -0.0119428
0 26 126 -0.014079
0 26 127 -0.00515265
