0 7 0 0.00926449
0 7 1 0.109362
0 7 2 0.10509
0 7 3 -0.190931
0 7 4 -0.18202
0 7 5 -0.0174689
0 7 6 0.0648065
0 7 7 0.260363
0 7 8 0.0609002
0 7 9 -0.0709357
0 7 10 0.000719572
0 7 11 0.0576043
0 7 12 0.0836053
0 7 13 0.2307
0 7 14 -0.0517707
0 7 15 0.220812
0 7 16 0.00132992
0 7 17 0.0942254
0 7 18 0.160632
0 7 19 0.154406
0 7 20 0.0909295
0 7 21 0.235339
0 7 22 0.258044
0 7 23 0.431262
0 7 24 0.545886
0 7 25 0.334094
0 7 26 0.464587
0 7 27 0.711779
0 7 28 0.680285
0 7 29 0.976061
0 7 30 1.20165
0 7 31 2.73961
0 7 32 7.06749
0 7 33 15.7901
0 7 34 21.3906
0 7 35 19.8869
0 7 36 14.9354
0 7 37 8.08641
0 7 38 2.84215
0 7 39 0.793932
0 7 40 0.440417
0 7 41 0.0901971
0 7 42 0.270983
0 7 43 0.144152
0 7 44 0.200549
0 7 45 0.141467
0 7 46 0.128283
0 7 47 0.10155
0 7 48 -0.0511603
0 7 49 0.0558954
0 7 50 -0.0302863
0 7 51 -0.041883
0 7 52 0.103503
0 7 53 -0.26161
0 7 54 -0.0980353
0 7 55 0.0998407
0 7 56 0.0162225
0 7 57 -0.0359015
0 7 58 0.0833612
0 7 59 0.125598
0 7 60 -0.152235
0 7 61 -0.00953433
0 7 62 0.108386
0 7 63 -0.081922
0 7 64 0.0800653
0 7 65 0.0109735
0 7 66 -0.00294254
0 7 67 0.029162
0 7 68 0.013659
0 7 69 -0.062757
0 7 70 0.048327
0 7 71 -0.153577
0 7 72 0.114733
0 7 73 0.115344
0 7 74 0.288439
0 7 75 -0.0901007
0 7 76 0.0370965
0 7 77 0.280505
0 7 78 -0.0323615
0 7 79 0.0123163
0 7 80 0.311999
0 7 81 0.11339
0 7 82 0.0770135
0 7 83 -0.0617804
0 7 84 -0.0933966
0 7 85 0.0258661
0 7 86 0.10277
0 7 87 0.173205
0 7 88 0.208849
0 7 89 -0.00257633
0 7 90 0.0485711
0 7 91 -0.0376105
0 7 92 0.149401
0 7 93 -0.05409
0 7 94 0.0340448
0 7 95 0.136828
0 7 96 0.163928
0 7 97 -0.0207648
0 7 98 -0.0577521
0 7 99 0.0301385
0 7 100 0.182726
0 7 101 0.134509
0 7 102 0.151721
0 7 103 0.029162
0 7 104 0.0655389
0 7 105 0.0181756
0 7 106 0.0843377
0 7 107 -0.139661
0 7 108 0.0756707
0 7 109 -0.0246711
0 7 110 -0.073255
0 7 111 0.0456414
0 7 112 0.0525995
0 7 113 -0.0531134
0 7 114 -0.0428595
0 7 115 -0.0484748
0 7 116 -0.0564093
0 7 117 0.0576043
0 7 118 0.0628534
0 7 119 0.0948358
0 7 120 0.0661493
0 7 121 -0.117933
0 7 122 -0.0924201
0 7 123 0.0909295
0 7 124 -0.0786261
0 7 125 -0.02638
0 7 126 0.100207
0 7 127 0.0407586
