0 27 0 0.391386
0 27 1 0.965605
0 27 2 2.07905
0 27 3 2.76979
0 27 4 2.61481
0 27 5 1.93193
0 27 6 1.02542
0 27 7 0.408003
0 27 8 0.148955
0 27 9 0.0447982
0 27 10 0.0298446
0 27 11 0.0127547
0 27 12 0.0054763
0 27 13 0.0169204
0 27 14 -0.0160691
0 27 15 0.00530845
0 27 16 -0.000642475
0 27 17 0.0094741
0 27 18 0.00706321
0 27 19 -0.00123757
0 27 20 0.00926048
0 27 21 0.0299209
0 27 22 -0.000550923
0 27 23 0.0153487
0 27 24 -0.00225991
0 27 25 0.0177749
0 27 26 0.00254661
0 27 27 0.0150893
0 27 28 0.0117782
0 27 29 0.0227035
0 27 30 0.00761253
0 27 31 0.0203689
0 27 32 -0.00148171
0 27 33 -0.0132615
0 27 34 -0.00425881
0 27 35 -0.0104997
0 27 36 0.00216514
0 27 37 -0.00540322
0 27 38 0.011473
0 27 39 -0.00140541
0 27 40 0.00092918
0 27 41 -0.00573891
0 27 42 -0.00709694
0 27 43 0.00433189
0 27 44 0.00884849
0 27 45 -0.00366372
0 27 46 0.00247032
0 27 47 0.00778038
0 27 48 -0.00114602
0 27 49 -0.00940102
0 27 50 0.00582725
0 27 51 -0.00778359
0 27 52 0.00111229
0 27 53 -0.0130021
0 27 54 0.00352317
0 27 55 0.00701744
0 27 56 0.0074752
0 27 57 -0.000474629
0 27 58 0.015776
0 27 59 0.00837547
0 27 60 -0.0118577
0 27 61 0.00102073
0 27 62 0.0158065
0 27 63 0.0173934
0 27 64 -0.00361794
0 27 65 0.00149376
0 27 66 0.00620872
0 27 67 0.0383437
0 27 68 0.0449813
0 27 69 0.0137771
0 27 70 0.00633079
0 27 71 0.00420982
0 27 72 0.0152572
0 27 73 0.0036605
0 27 74 0.00468284
0 27 75 -0.0085923
0 27 76 0.00794822
0 27 77 -0.0109269
0 27 78 0.00387413
0 27 79 0.011473
0 27 80 -0.0040757
0 27 81 -0.0115983
0 27 82 -0.00204628
0 27 83 0.021376
0 27 84 0.007994
0 27 85 -0.0160691
0 27 86 0.00170738
0 27 87 -0.0107133
0 27 88 0.0129226
0 27 89 -0.00357216
0 27 90 -0.011995
0 27 91 -0.000123676
0 27 92 0.0077346
0 27 93 0.00918418
0 27 94 0.00904686
0 27 95 0.00195152
0 27 96 -0.0146653
0 27 97 0.0235122
0 27 98 0.00837547
0 27 99 0.00884849
0 27 100 -0.00557106
0 27 101 -0.011049
0 27 102 0.00480491
0 27 103 0.0159896
0 27 104 0.0110458
0 27 105 -0.0105912
0 27 106 0.022322
0 27 107 0.0082534
0 27 108 0.0034011
0 27 109 0.00935203
0 27 110 0.0074752
0 27 111 0.0197738
0 27 112 -0.00174111
0 27 113 -0.00480812
0 27 114 0.0230392
0 27 115 0.0130141
0 27 116 0.0158065
0 27 117 0.0108016
0 27 118 0.0215591
0 27 119 0.0315841
0 27 120 0.0458205
0 27 121 0.0257247
0 27 122 0.0449355
0 27 123 0.078337
0 27 124 0.0746902
0 27 125 0.0789779
0 27 126 0.116774
0 27 127 0.160857
