0 5 0 0.0228882
0 5 1 0.121094
0 5 2 0.0908203
0 5 3 -0.0376587
0 5 4 0.136597
0 5 5 0.0631714
0 5 6 -0.00738525
0 5 7 -0.0474243
0 5 8 -0.0693359
0 5 9 -0.0569458
0 5 10 0.114929
0 5 11 0.0684204
0 5 12 0.0100098
0 5 13 -0.00164795
0 5 14 0.00335693
0 5 15 0.0136108
0 5 16 0.0357666
0 5 17 0.0767822
0 5 18 0.010498
0 5 19 -0.0135498
0 5 20 0.127075
0 5 21 0.045105
0 5 22 -0.0817261
0 5 23 0.0631714
0 5 24 -0.10199
0 5 25 0.149231
0 5 26 0.00238037
0 5 27 -0.010437
0 5 28 -0.0307007
0 5 29 -0.0435791
0 5 30 0.00408936
0 5 31 0.0767822
0 5 32 -0.0843506
0 5 33 -0.108215
0 5 34 -0.0540771
0 5 35 0.0183716
0 5 36 0.079895
0 5 37 0.0162354
0 5 38 -0.0690918
0 5 39 0.113037
0 5 40 0.0100098
0 5 41 -0.019043
0 5 42 0.0300903
0 5 43 0.0581665
0 5 44 0.0269775
0 5 45 0.120422
0 5 46 -0.0743408
0 5 47 0.0186157
0 5 48 -0.144409
0 5 49 0.0670166
0 5 50 -0.0855713
0 5 51 0.0305176
0 5 52 0.00622559
0 5 53 0.0657959
0 5 54 -0.178528
0 5 55 -0.00830078
0 5 56 -0.0519409
0 5 57 -0.0724487
0 5 58 -0.0898438
0 5 59 -0.00738525
0 5 60 -0.0314331
0 5 61 0.0231323
0 5 62 -0.0562134
0 5 63 -0.0784302
0 5 64 0.0224609
0 5 65 0.0238647
0 5 66 0.00836182
0 5 67 0.126343
0 5 68 0.16571
0 5 69 0.0438843
0 5 70 0.0198364
0 5 71 0.0622559
0 5 72 -0.0256958
0 5 73 -0.106079
0 5 74 0.0751343
0 5 75 -0.121094
0 5 76 -0.0548096
0 5 77 -0.0202637
0 5 78 -0.0731812
0 5 79 0.0186157
0 5 80 -0.0690918
0 5 81 0.0314941
0 5 82 0.0419922
0 5 83 -0.0390625
0 5 84 0.00500488
0 5 85 -0.0266724
0 5 86 -0.0922241
0 5 87 -0.00213623
0 5 88 -0.0512085
0 5 89 0.00262451
0 5 90 -0.060791
0 5 91 0.0172119
0 5 92 -0.0414429
0 5 93 -0.062439
0 5 94 -0.0214233
0 5 95 -0.0476685
0 5 96 0.170715
0 5 97 0.039856
0 5 98 -0.0245361
0 5 99 0.0877686
0 5 100 0.107056
0 5 101 0.00549316
0 5 102 0.0601196
0 5 103 0.174255
0 5 104 0.335938
0 5 105 0.210999
0 5 106 0.280396
0 5 107 0.269165
0 5 108 0.440552
0 5 109 0.633911
0 5 110 0.739258
0 5 111 1.2182
0 5 112 2.84039
0 5 113 7.26318
0 5 114 13.5725
0 5 115 15.4438
0 5 116 13.3642
0 5 117 8.95593
0 5 118 4.22137
0 5 119 1.23608
0 5 120 0.47229
0 5 121 0.0853882
0 5 122 0.158081
0 5 123 0.103271
0 5 124 0.0467529
0 5 125 0.072998
0 5 126 0.0812988
0 5 127 0.0214844
