0 31 0 -0.00302084
0 31 1 -0.00307424
0 31 2 -0.00340231
0 31 3 0.000450536
0 31 4 0.000431462
0 31 5 0.00165217
0 31 6 -0.00341757
0 31 7 -0.00333746
0 31 8 0.0023369
0 31 9 -0.0041519
0 31 10 0.00201838
0 31 11 0.00240748
0 31 12 0.00474398
0 31 13 0.00327532
0 31 14 -0.00107916
0 31 15 2.51971e-05
0 31 16 -0.00497396
0 31 17 -0.00704725
0 31 18 -0.00152166
0 31 19 0.000107213
0 31 20 -0.00119169
0 31 21 -0.000482158
0 31 22 0.00541536
0 31 23 0.00120012
0 31 24 0.0037388
0 31 25 0.00305788
0 31 26 0.00225107
0 31 27 0.00765078
0 31 28 0.00901835
0 31 29 -0.00338133
0 31 30 0.00428431
0 31 31 0.008799
0 31 32 0.00865786
0 31 33 0.0107445
0 31 34 0.0189842
0 31 35 0.0423893
0 31 36 0.0929741
0 31 37 0.105425
0 31 38 0.0968422
0 31 39 0.0669522
0 31 40 0.0395416
0 31 41 0.0137581
0 31 42 0.0106014
0 31 43 0.00689356
0 31 44 0.00276606
0 31 45 0.00648348
0 31 46 0.00374643
0 31 47 0.00334208
0 31 48 0.00248377
0 31 49 -0.00233229
0 31 50 5.57147e-05
0 31 51 -0.00529058
0 31 52 -0.00627287
0 31 53 -0.0080715
0 31 54 -0.0081497
0 31 55 -0.00242002
0 31 56 -0.00500639
0 31 57 -0.00711401
0 31 58 0.000423833
0 31 59 0.000511571
0 31 60 0.00023882
0 31 61 -0.00112684
0 31 62 0.000873967
0 31 63 0.00150721
0 31 64 -0.00131567
0 31 65 0.0015053
0 31 66 0.00253336
0 31 67 0.00470392
0 31 68 0.00493662
0 31 69 -0.00355871
0 31 70 -0.0065666
0 31 71 -0.00331838
0 31 72 -0.00543554
0 31 73 -0.00364263
0 31 74 -0.00201948
0 31 75 0.000759526
0 31 76 -5.30042e-05
0 31 77 0.00219004
0 31 78 -0.000461177
0 31 79 0.00236742
0 31 80 0.000751897
0 31 81 -0.000468806
0 31 82 0.000708028
0 31 83 0.00376932
0 31 84 0.00371019
0 31 85 -0.00113447
0 31 86 -0.00126036
0 31 87 -0.00483663
0 31 88 -0.00664099
0 31 89 0.00429766
0 31 90 -0.00035818
0 31 91 -0.00180967
0 31 92 -0.000812129
0 31 93 -0.00125273
0 31 94 0.00232164
0 31 95 -0.000417308
0 31 96 0.00275652
0 31 97 0.00427095
0 31 98 -0.00512274
0 31 99 0.000282689
0 31 100 0.00199167
0 31 101 0.00429194
0 31 102 0.000458165
0 31 103 -0.00509222
0 31 104 -0.00227888
0 31 105 -0.000634746
0 31 106 -0.00114019
0 31 107 -0.00468595
0 31 108 -0.00790174
0 31 109 0.00665896
0 31 110 -0.00813063
0 31 111 0.00323717
0 31 112 0.000761434
0 31 113 0.00408785
0 31 114 -0.000978068
0 31 115 0.00092928
0 31 116 0.00194208
0 31 117 0.00499193
0 31 118 0.00166552
0 31 119 -0.00825842
0 31 120 -0.00468214
0 31 121 0.00437395
0 31 122 0.000828191
0 31 123 -0.000884608
0 31 124 0.00208132
0 31 125 0.00396387
0 31 126 -0.00232466
0 31 127 -0.000642375
