0 13 0 -0.0525995
0 13 1 0.000195955
0 13 2 0.0576911
0 13 3 -0.0684381
0 13 4 0.021955
0 13 5 -0.0163141
0 13 6 -0.0468316
0 13 7 -0.0189386
0 13 8 -0.00740292
0 13 9 0.0189337
0 13 10 0.0152716
0 13 11 -0.00660946
0 13 12 -0.0459161
0 13 13 -0.040545
0 13 14 -0.0016351
0 13 15 0.0211615
0 13 16 0.0478644
0 13 17 0.0210089
0 13 18 0.00608585
0 13 19 0.0907111
0 13 20 -0.0132928
0 13 21 0.02638
0 13 22 0.0422492
0 13 23 0.0243048
0 13 24 0.0296759
0 13 25 0.0849433
0 13 26 0.146528
0 13 27 0.151227
0 13 28 0.100019
0 13 29 0.202711
0 13 30 0.216352
0 13 31 0.265607
0 13 32 0.373273
0 13 33 0.675214
0 13 34 1.5934
0 13 35 3.99785
0 13 36 7.37367
0 13 37 8.51439
0 13 38 7.48015
0 13 39 4.88981
0 13 40 2.32292
0 13 41 0.71623
0 13 42 0.142866
0 13 43 0.0151191
0 13 44 0.0197272
0 13 45 0.0553412
0 13 46 0.00660465
0 13 47 0.044477
0 13 48 0.109174
0 13 49 0.02638
0 13 50 0.000836824
0 13 51 -0.0427728
0 13 52 -0.0252252
0 13 53 -0.0348993
0 13 54 -0.0311151
0 13 55 0.0288825
0 13 56 0.0146003
0 13 57 0.0409369
0 13 58 0.0658393
0 13 59 0.00584171
0 13 60 0.0507636
0 13 61 0.0261359
0 13 62 0.00727603
0 13 63 0.0193305
0 13 64 0.0257392
0 13 65 0.0108161
0 13 66 -0.0442071
0 13 67 0.0848212
0 13 68 -0.029162
0 13 69 0.000195955
0 13 70 0.0761847
0 13 71 -0.0021539
0 13 72 0.0388312
0 13 73 0.0265326
0 13 74 -0.0218072
0 13 75 -0.0442071
0 13 76 0.0312323
0 13 77 0.00556705
0 13 78 0.0257392
0 13 79 -0.0182672
0 13 80 0.0225959
0 13 81 -0.0114618
0 13 82 -0.0330682
0 13 83 -0.00175717
0 13 84 0.0282416
0 13 85 0.0831122
0 13 86 -0.0117364
0 13 87 0.0303168
0 13 88 0.042768
0 13 89 0.00962589
0 13 90 0.00163028
0 13 91 0.0308356
0 13 92 -0.00975278
0 13 93 -0.0235162
0 13 94 0.0721259
0 13 95 0.0370002
0 13 96 -0.0343805
0 13 97 0.0184149
0 13 98 0.0366034
0 13 99 -0.00609067
0 13 100 0.0461859
0 13 101 0.0172248
0 13 102 0.0284858
0 13 103 -0.0252252
0 13 104 -0.0165582
0 13 105 0.0528693
0 13 106 0.0385871
0 13 107 0.0109381
0 13 108 0.0301947
0 13 109 0.0325446
0 13 110 -0.0207696
0 13 111 0.00150821
0 13 112 0.0301947
0 13 113 0.0276923
0 13 114 -0.024035
0 13 115 -0.00621274
0 13 116 -0.0130487
0 13 117 -0.0312371
0 13 118 -0.0705438
0 13 119 -0.00990536
0 13 120 0.031507
0 13 121 -0.0273004
0 13 122 0.00489566
0 13 123 -0.0206476
0 13 124 0.00346134
0 13 125 0.0507636
0 13 126 -0.00752499
0 13 127 -0.0153985
