0 12 0 0.0466662
0 12 1 0.0351305
0 12 2 0.00504022
0 12 3 -0.0297498
0 12 4 0.00180536
0 12 5 0.0226183
0 12 6 -0.0220594
0 12 7 -0.056117
0 12 8 -0.0452528
0 12 9 0.0420886
0 12 10 0.0233508
0 12 11 0.0634509
0 12 12 -0.0188245
0 12 13 0.0211535
0 12 14 -0.0924329
0 12 15 -0.0434827
0 12 16 -0.0794324
0 12 17 0.00803094
0 12 18 -0.0368299
0 12 19 -0.0163221
0 12 20 0.0134631
0 12 21 0.0141955
0 12 22 -0.0255994
0 12 23 -0.0117444
0 12 24 -0.0101575
0 12 25 0.0473986
0 12 26 0.0379382
0 12 27 0.0658312
0 12 28 0.0491686
0 12 29 -0.0238294
0 12 30 0.0148058
0 12 31 0.00626092
0 12 32 0.0464831
0 12 33 0.0259753
0 12 34 -0.00759406
0 12 35 0.115209
0 12 36 0.161962
0 12 37 0.182164
0 12 38 0.103734
0 12 39 0.211827
0 12 40 0.27097
0 12 41 0.239965
0 12 42 0.345433
0 12 43 0.871923
0 12 44 2.02518
0 12 45 5.12772
0 12 46 8.81034
0 12 47 9.56479
0 12 48 8.04465
0 12 49 5.12137
0 12 50 2.28843
0 12 51 0.761754
0 12 52 0.179662
0 12 53 0.0174304
0 12 54 0.0475207
0 12 55 -0.0379896
0 12 56 -0.00258918
0 12 57 -0.0418348
0 12 58 -0.0163221
0 12 59 0.0159655
0 12 60 -0.0326795
0 12 61 -0.0033216
0 12 62 -0.0188245
0 12 63 0.0448962
0 12 64 -0.0275526
0 12 65 0.0488635
0 12 66 -0.0142469
0 12 67 0.00388055
0 12 68 0.0153552
0 12 69 -0.0614271
0 12 70 -0.0591077
0 12 71 -0.0113172
0 12 72 -0.0635023
0 12 73 -0.0796155
0 12 74 -0.089015
0 12 75 -0.0229749
0 12 76 -0.0201673
0 12 77 -0.00643439
0 12 78 -0.0276746
0 12 79 0.0938464
0 12 80 -0.0295667
0 12 81 -0.0133924
0 12 82 -0.0471448
0 12 83 -0.0119276
0 12 84 0.0322009
0 12 85 -0.0581922
0 12 86 0.035863
0 12 87 0.0127306
0 12 88 0.00253778
0 12 89 0.0500231
0 12 90 0.00729852
0 12 91 -0.0334119
0 12 92 0.0108386
0 12 93 -0.00789923
0 12 94 0.0317736
0 12 95 0.00534539
0 12 96 -0.0999402
0 12 97 -0.0185194
0 12 98 0.00815301
0 12 99 0.0798083
0 12 100 -0.0114393
0 12 101 0.025426
0 12 102 -0.0169324
0 12 103 -0.023097
0 12 104 -0.00362677
0 12 105 -0.0215101
0 12 106 0.00314813
0 12 107 -0.023097
0 12 108 -0.0497694
0 12 109 0.0275012
0 12 110 -0.0287122
0 12 111 0.0419055
0 12 112 -0.0290174
0 12 113 -0.0152845
0 12 114 0.0353137
0 12 115 0.0177355
0 12 116 0.0264636
0 12 117 0.0478259
0 12 118 0.0363513
0 12 119 -0.0136976
0 12 120 -0.01443
0 12 121 -0.00246711
0 12 122 -0.00936408
0 12 123 0.0708361
0 12 124 -0.0666151
0 12 125 -0.0608778
0 12 126 -0.0227918
0 12 127 0.0318957
