0 30 0 0.00356765
0 30 1 0.00289244
0 30 2 0.00460906
0 30 3 0.000611255
0 30 4 0.00231833
0 30 5 0.00605292
0 30 6 0.00145621
0 30 7 0.00172705
0 30 8 0.000430057
0 30 9 0.000515888
0 30 10 0.0035295
0 30 11 -0.000836423
0 30 12 -0.000384381
0 30 13 0.00309462
0 30 14 -0.00100045
0 30 15 -0.00251489
0 30 16 -0.000170758
0 30 17 0.00397773
0 30 18 0.00301833
0 30 19 0.00369544
0 30 20 -0.00249582
0 30 21 0.00718398
0 30 22 0.0015821
0 30 23 -0.00364976
0 30 24 -0.00394159
0 30 25 0.00161643
0 30 26 0.00110526
0 30 27 0.00419898
0 30 28 0.0011682
0 30 29 0.00211234
0 30 30 0.000508258
0 30 31 -0.00347429
0 30 32 0.00523658
0 30 33 0.00204177
0 30 34 0.00218672
0 30 35 -0.000353863
0 30 36 -0.000641873
0 30 37 -0.000657132
0 30 38 0.00196738
0 30 39 -0.00305276
0 30 40 -0.00301843
0 30 41 -0.000783017
0 30 42 0.00442595
0 30 43 0.00125403
0 30 44 -0.0031653
0 30 45 0.00218672
0 30 46 -0.0004931
0 30 47 -0.000357678
0 30 48 -0.00162034
0 30 49 0.00020499
0 30 50 0.00085921
0 30 51 0.00276465
0 30 52 0.000138233
0 30 53 0.00218672
0 30 54 0.00461287
0 30 55 3.33284e-05
0 30 56 0.00372023
0 30 57 0.00313849
0 30 58 -0.00170236
0 30 59 0.00552649
0 30 60 0.0020494
0 30 61 0.00526137
0 30 62 0.00270171
0 30 63 -0.00297075
0 30 64 -0.000899365
0 30 65 0.00150389
0 30 66 0.000407169
0 30 67 0.00125403
0 30 68 -0.00151544
0 30 69 -0.00239663
0 30 70 -4.10582e-05
0 30 71 0.0016088
0 30 72 -0.00631433
0 30 73 -0.000231793
0 30 74 -0.000754407
0 30 75 0.00105567
0 30 76 -0.00517564
0 30 77 0.00313849
0 30 78 -0.00365358
0 30 79 0.00616927
0 30 80 0.00171752
0 30 81 0.00158591
0 30 82 0.00254149
0 30 83 0.00385184
0 30 84 0.000529239
0 30 85 -0.00229173
0 30 86 -0.00143342
0 30 87 -0.000174573
0 30 88 0.00193305
0 30 89 -3.34288e-05
0 30 90 0.00598616
0 30 91 -0.000567486
0 30 92 -0.00402742
0 30 93 0.00328345
0 30 94 0.00102706
0 30 95 -0.00151544
0 30 96 -0.000157406
0 30 97 0.00200362
0 30 98 0.00512786
0 30 99 -0.00333314
0 30 100 -0.000174573
0 30 101 0.000618884
0 30 102 0.00362296
0 30 103 0.00424666
0 30 104 0.00377745
0 30 105 0.00153823
0 30 106 0.00479598
0 30 107 0.0049066
0 30 108 -0.00128465
0 30 109 0.00368018
0 30 110 0.00374694
0 30 111 0.00710959
0 30 112 0.0069818
0 30 113 0.00413031
0 30 114 0.00540824
0 30 115 0.0115652
0 30 116 0.00875945
0 30 117 0.0167531
0 30 118 0.0358152
0 30 119 0.0903367
0 30 120 0.193057
0 30 121 0.249356
0 30 122 0.235324
0 30 123 0.172189
0 30 124 0.0962667
0 30 125 0.0362997
0 30 126 0.00965399
0 30 127 0.00604148
