0 18 0 0.0270321
0 18 1 -0.0211246
0 18 2 0.0232785
0 18 3 0.012048
0 18 4 0.00228239
0 18 5 -0.0119998
0 18 6 -0.0209415
0 18 7 -0.0141971
0 18 8 0.0761349
0 18 9 -0.0586002
0 18 10 0.00521208
0 18 11 -0.0141971
0 18 12 0.0275204
0 18 13 0.025018
0 18 14 0.0204098
0 18 15 -0.0118167
0 18 16 0.0350583
0 18 17 0.0238278
0 18 18 -0.01319
0 18 19 0.00106169
0 18 20 0.0248349
0 18 21 -0.0171573
0 18 22 0.0531857
0 18 23 0.0468381
0 18 24 -0.0227725
0 18 25 0.0271237
0 18 26 0.0401242
0 18 27 0.00927092
0 18 28 0.0362485
0 18 29 0.00954558
0 18 30 0.0277951
0 18 31 0.0382016
0 18 32 0.057153
0 18 33 0.0894711
0 18 34 0.0895627
0 18 35 0.0443661
0 18 36 0.0752194
0 18 37 0.143823
0 18 38 0.150811
0 18 39 0.193353
0 18 40 0.257013
0 18 41 0.455743
0 18 42 1.06344
0 18 43 2.81054
0 18 44 5.152
0 18 45 5.97668
0 18 46 5.19656
0 18 47 3.5017
0 18 48 1.70303
0 18 49 0.574456
0 18 50 0.179101
0 18 51 0.0820248
0 18 52 0.0192196
0 18 53 0.00917937
0 18 54 0.0238278
0 18 55 0.0255673
0 18 56 0.010278
0 18 57 -0.039252
0 18 58 0.0229123
0 18 59 -0.00876497
0 18 60 -0.0282047
0 18 61 -0.00620149
0 18 62 0.0146115
0 18 63 0.000512374
0 18 64 0.0176633
0 18 65 0.0101864
0 18 66 -0.0522525
0 18 67 -0.0145023
0 18 68 -0.0444095
0 18 69 -0.0134647
0 18 70 -0.00867342
0 18 71 0.0313656
0 18 72 -0.0185306
0 18 73 -0.0081241
0 18 74 -0.00601839
0 18 75 0.0350583
0 18 76 0.0222714
0 18 77 0.0184872
0 18 78 0.00274016
0 18 79 0.00771452
0 18 80 0.0297177
0 18 81 -0.0100772
0 18 82 -0.0318973
0 18 83 -0.0255496
0 18 84 -0.0261905
0 18 85 0.0332272
0 18 86 0.00383879
0 18 87 -0.000860917
0 18 88 0.0166257
0 18 89 0.00917937
0 18 90 -0.027106
0 18 91 -0.0146854
0 18 92 -0.00113558
0 18 93 0.00356413
0 18 94 -0.00971102
0 18 95 0.0580685
0 18 96 -0.0185306
0 18 97 0.00411345
0 18 98 0.0467465
0 18 99 0.010278
0 18 100 0.00899626
0 18 101 0.0393918
0 18 102 0.000970138
0 18 103 -0.0307987
0 18 104 0.0209592
0 18 105 0.0232785
0 18 106 -0.0266483
0 18 107 0.000420821
0 18 108 -0.0239627
0 18 109 -0.0137393
0 18 110 0.017297
0 18 111 -0.00150179
0 18 112 -0.00418733
0 18 113 -0.0358646
0 18 114 -0.0093448
0 18 115 0.0143368
0 18 116 0.00310637
0 18 117 0.0516293
0 18 118 -0.0316226
0 18 119 0.00881315
0 18 120 -0.0119083
0 18 121 -0.0265567
0 18 122 -0.0318057
0 18 123 -0.0124576
0 18 124 0.00917937
0 18 125 -0.0219486
0 18 126 -0.000128495
0 18 127 0.0178464
