0 10 0 0.107974
0 10 1 0.0366853
0 10 2 -0.0534026
0 10 3 -0.00317062
0 10 4 0.0428499
0 10 5 0.0834383
0 10 6 -0.0279509
0 10 7 0.0314974
0 10 8 -0.0635954
0 10 9 0.140323
0 10 10 0.0419344
0 10 11 0.108219
0 10 12 0.0862459
0 10 13 -0.0111662
0 10 14 0.0272859
0 10 15 -0.0482146
0 10 16 -0.0808073
0 10 17 0.0279573
0 10 18 -0.0369231
0 10 19 0.0381502
0 10 20 -0.17236
0 10 21 0.00464188
0 10 22 0.000369423
0 10 23 -0.106503
0 10 24 -0.00176681
0 10 25 0.0539583
0 10 26 0.0667146
0 10 27 0.0716585
0 10 28 0.0166658
0 10 29 -0.00317062
0 10 30 0.0310701
0 10 31 -0.0409514
0 10 32 -0.0565153
0 10 33 0.0763582
0 10 34 0.0331453
0 10 35 -0.0307585
0 10 36 -0.0399748
0 10 37 0.0173372
0 10 38 0.00506913
0 10 39 -0.00103439
0 10 40 -0.0916716
0 10 41 -0.0170866
0 10 42 0.136539
0 10 43 0.0711702
0 10 44 -0.0258147
0 10 45 0.00250565
0 10 46 -0.0102507
0 10 47 -0.00860274
0 10 48 -0.105588
0 10 49 -0.00243819
0 10 50 0.0855745
0 10 51 -0.0857512
0 10 52 -0.0369231
0 10 53 -0.021115
0 10 54 0.0253938
0 10 55 -0.0361906
0 10 56 -0.0546233
0 10 57 0.0416902
0 10 58 0.107974
0 10 59 0.106082
0 10 60 0.0407137
0 10 61 0.0869783
0 10 62 0.124759
0 10 63 0.0461458
0 10 64 0.00274979
0 10 65 0.0912508
0 10 66 0.15845
0 10 67 0.0806307
0 10 68 0.274356
0 10 69 0.167911
0 10 70 0.216739
0 10 71 0.336856
0 10 72 0.410037
0 10 73 0.49213
0 10 74 0.632572
0 10 75 0.890933
0 10 76 2.18671
0 10 77 5.71759
0 10 78 11.8209
0 10 79 15.2921
0 10 80 14.0721
0 10 81 10.2531
0 10 82 5.21808
0 10 83 1.81855
0 10 84 0.537723
0 10 85 0.373477
0 10 86 0.0928987
0 10 87 -0.00390304
0 10 88 0.0156892
0 10 89 0.0261263
0 10 90 -0.12164
0 10 91 0.150699
0 10 92 -0.0779997
0 10 93 -0.103207
0 10 94 0.00177323
0 10 95 -0.0517546
0 10 96 -0.0494353
0 10 97 0.0719026
0 10 98 -0.0642668
0 10 99 -0.0602995
0 10 100 0.0164217
0 10 101 0.208988
0 10 102 -0.0496794
0 10 103 0.0640901
0 10 104 -0.00457442
0 10 105 0.0199617
0 10 106 -0.0538908
0 10 107 -0.102963
0 10 108 0.0931429
0 10 109 0.044742
0 10 110 -0.0267912
0 10 111 -0.100644
0 10 112 -0.152768
0 10 113 -0.0378386
0 10 114 0.00653397
0 10 115 0.0421175
0 10 116 0.0683626
0 10 117 -0.000790245
0 10 118 -0.0876433
0 10 119 0.0109895
0 10 120 0.0827058
0 10 121 0.0827058
0 10 122 0.0402254
0 10 123 0.107486
0 10 124 0.0831941
0 10 125 0.0714143
0 10 126 0.0397981
0 10 127 0.123538
