0 4 0 -0.0248766
0 4 1 0.0874891
0 4 2 -0.00973993
0 4 3 -0.0337878
0 4 4 0.0895643
0 4 5 0.0668592
0 4 6 0.0505628
0 4 7 0.0133314
0 4 8 0.105739
0 4 9 0.068263
0 4 10 0.0251111
0 4 11 0.0808973
0 4 12 0.0512342
0 4 13 0.0458631
0 4 14 0.0672864
0 4 15 0.0107069
0 4 16 0.0683851
0 4 17 0.00442023
0 4 18 0.070033
0 4 19 -0.0140124
0 4 20 0.0771741
0 4 21 0.037074
0 4 22 0.056178
0 4 23 0.152186
0 4 24 0.208522
0 4 25 0.193934
0 4 26 0.249537
0 4 27 0.169337
0 4 28 0.272059
0 4 29 0.261928
0 4 30 0.351466
0 4 31 0.447352
0 4 32 0.975856
0 4 33 2.4147
0 4 34 5.67575
0 4 35 8.81582
0 4 36 8.87295
0 4 37 7.04183
0 4 38 4.26644
0 4 39 1.84622
0 4 40 0.509974
0 4 41 0.127589
0 4 42 0.0671644
0 4 43 0.0619153
0 4 44 0.110438
0 4 45 0.0597181
0 4 46 0.0940809
0 4 47 -0.0957385
0 4 48 0.0317029
0 4 49 0.0726575
0 4 50 0.0296888
0 4 51 -0.111791
0 4 52 0.0979261
0 4 53 0.0199232
0 4 54 -0.068944
0 4 55 -0.0277453
0 4 56 -0.00290399
0 4 57 0.0749769
0 4 58 0.0876111
0 4 59 -0.00894647
0 4 60 0.0112562
0 4 61 0.163844
0 4 62 0.0847425
0 4 63 0.0033216
0 4 64 0.0176038
0 4 65 0.00619025
0 4 66 0.0289564
0 4 67 -0.0635729
0 4 68 0.00496955
0 4 69 0.116908
0 4 70 0.000819156
0 4 71 0.0921277
0 4 72 0.0342054
0 4 73 0.0187025
0 4 74 0.0203504
0 4 75 -0.0572863
0 4 76 -0.0377551
0 4 77 0.0402479
0 4 78 0.0506849
0 4 79 -0.00864129
0 4 80 -0.128148
0 4 81 0.111232
0 4 82 0.112208
0 4 83 0.0479383
0 4 84 0.0390272
0 4 85 -0.00125604
0 4 86 0.0517835
0 4 87 -0.0579577
0 4 88 -0.0020495
0 4 89 0.15298
0 4 90 0.090785
0 4 91 0.035182
0 4 92 0.00741095
0 4 93 -0.0495959
0 4 94 0.0931043
0 4 95 0.143397
0 4 96 0.131862
0 4 97 -0.0266467
0 4 98 -0.0321398
0 4 99 0.017848
0 4 100 0.0194959
0 4 101 -0.00601678
0 4 102 -0.111547
0 4 103 0.0870618
0 4 104 -0.0831042
0 4 105 -0.0936633
0 4 106 -0.0522204
0 4 107 0.118373
0 4 108 -0.0848742
0 4 109 -0.0738879
0 4 110 0.00301642
0 4 111 0.131312
0 4 112 -0.0522204
0 4 113 0.0445203
0 4 114 0.0418958
0 4 115 0.0722303
0 4 116 0.00698371
0 4 117 0.0344495
0 4 118 0.0200452
0 4 119 -0.0260973
0 4 120 -0.0536852
0 4 121 -0.0752917
0 4 122 -0.0980578
0 4 123 0.0655164
0 4 124 -0.022008
0 4 125 0.105494
0 4 126 0.0958509
0 4 127 0.103846
