0 9 0 0.222296
0 9 1 0.141547
0 9 2 0.0723331
0 9 3 0.11463
0 9 4 0.0920474
0 9 5 0.0589664
0 9 6 -0.0361264
0 9 7 -0.108941
0 9 8 0.0943668
0 9 9 -0.00792815
0 9 10 0.0733096
0 9 11 0.0902774
0 9 12 0.028754
0 9 13 0.142279
0 9 14 0.0559146
0 9 15 0.0448673
0 9 16 -0.0123227
0 9 17 0.00281404
0 9 18 0.0189884
0 9 19 0.0684879
0 9 20 -0.110223
0 9 21 -0.0581601
0 9 22 0.0684879
0 9 23 0.149482
0 9 24 0.0853946
0 9 25 0.105353
0 9 26 -0.0279477
0 9 27 0.086127
0 9 28 0.0266788
0 9 29 -0.0512631
0 9 30 0.154853
0 9 31 0.107672
0 9 32 -0.0833066
0 9 33 -0.0192196
0 9 34 0.0499942
0 9 35 0.0497501
0 9 36 0.109198
0 9 37 0.0397403
0 9 38 0.0997379
0 9 39 0.0597598
0 9 40 -0.0653622
0 9 41 0.139716
0 9 42 0.172065
0 9 43 -0.0369198
0 9 44 0.0197818
0 9 45 0.135138
0 9 46 -0.0656064
0 9 47 0.1482
0 9 48 -0.0861142
0 9 49 0.0574405
0 9 50 0.0476749
0 9 51 0.0266788
0 9 52 -0.0884335
0 9 53 -0.0315487
0 9 54 0.025397
0 9 55 -0.163812
0 9 56 0.0943668
0 9 57 -0.104608
0 9 58 0.0717838
0 9 59 0.058234
0 9 60 -0.0207455
0 9 61 -0.101007
0 9 62 0.0674503
0 9 63 -0.0704892
0 9 64 -0.0269101
0 9 65 0.00336336
0 9 66 -0.00560881
0 9 67 0.0225894
0 9 68 0.0730655
0 9 69 -0.070245
0 9 70 0.075629
0 9 71 -0.0386899
0 9 72 0.14643
0 9 73 -0.0905087
0 9 74 0.0928409
0 9 75 -0.0781796
0 9 76 0.0864322
0 9 77 0.0348575
0 9 78 -0.012811
0 9 79 -0.0640805
0 9 80 0.028754
0 9 81 0.116645
0 9 82 0.146918
0 9 83 0.140998
0 9 84 0.0525577
0 9 85 0.0743472
0 9 86 0.164618
0 9 87 0.147406
0 9 88 -0.0100033
0 9 89 0.145392
0 9 90 0.288703
0 9 91 0.386115
0 9 92 0.258673
0 9 93 0.267401
0 9 94 0.324042
0 9 95 0.351508
0 9 96 0.569648
0 9 97 0.60047
0 9 98 1.06318
0 9 99 2.59144
0 9 100 6.48987
0 9 101 12.9977
0 9 102 16.6377
0 9 103 15.1289
0 9 104 10.6383
0 9 105 5.4441
0 9 106 1.93336
0 9 107 0.660956
0 9 108 0.176886
0 9 109 -0.115899
0 9 110 0.0282047
0 9 111 0.106147
0 9 112 0.089484
0 9 113 -0.0548642
0 9 114 -0.0335629
0 9 115 -0.0828183
0 9 116 0.0910098
0 9 117 0.0817935
0 9 118 -0.0530331
0 9 119 0.0146549
0 9 120 0.0412662
0 9 121 0.0751407
0 9 122 -0.0166562
0 9 123 0.093085
0 9 124 0.00336336
0 9 125 0.0172183
0 9 126 0.0730655
0 9 127 0.0584781
