0 21 0 0.00566262
0 21 1 0.00760048
0 21 2 0.030153
0 21 3 0.00573891
0 21 4 0.0345322
0 21 5 0.0176408
0 21 6 0.00276345
0 21 7 0.00131386
0 21 8 0.00532692
0 21 9 0.00561684
0 21 10 -0.00868064
0 21 11 -0.00579673
0 21 12 0.00293129
0 21 13 0.00552529
0 21 14 0.0166032
0 21 15 0.012346
0 21 16 0.0159928
0 21 17 0.0152451
0 21 18 0.0142533
0 21 19 0.00883645
0 21 20 0.010698
0 21 21 -0.00723106
0 21 22 0.0177628
0 21 23 0.0164811
0 21 24 0.00924843
0 21 25 0.0168931
0 21 26 -0.00318748
0 21 27 -0.00649864
0 21 28 0.00631874
0 21 29 0.0060746
0 21 30 -0.0117019
0 21 31 0.00428933
0 21 32 -0.0143417
0 21 33 -0.0391372
0 21 34 0.00648659
0 21 35 -0.00860435
0 21 36 -0.00132591
0 21 37 0.00346535
0 21 38 -0.00285179
0 21 39 0.0100724
0 21 40 -0.00311119
0 21 41 0.0139634
0 21 42 -0.019255
0 21 43 -0.00550682
0 21 44 0.0107743
0 21 45 -0.00413353
0 21 46 -0.0059951
0 21 47 0.00470131
0 21 48 0.00523537
0 21 49 0.0174271
0 21 50 0.0115678
0 21 51 0.00622719
0 21 52 -0.0226424
0 21 53 -0.0119918
0 21 54 -0.00224144
0 21 55 -0.0216201
0 21 56 -0.00504905
0 21 57 0.0121018
0 21 58 -0.00608665
0 21 59 -0.00294334
0 21 60 -0.00480491
0 21 61 0.00888222
0 21 62 0.00813454
0 21 63 0.0189225
0 21 64 0.00503701
0 21 65 -0.000791851
0 21 66 0.0221879
0 21 67 0.0177628
0 21 68 -0.00459129
0 21 69 0.015947
0 21 70 0.0175187
0 21 71 0.00900429
0 21 72 0.0202348
0 21 73 0.000245747
0 21 74 0.0216538
0 21 75 0.00380104
0 21 76 0.00544899
0 21 77 0.0177628
0 21 78 0.0106522
0 21 79 0.018129
0 21 80 0.0370957
0 21 81 0.0476395
0 21 82 0.0377671
0 21 83 0.0676438
0 21 84 0.0796677
0 21 85 0.11606
0 21 86 0.125948
0 21 87 0.262514
0 21 88 0.647295
0 21 89 1.56261
0 21 90 2.52838
0 21 91 2.66887
0 21 92 2.17012
0 21 93 1.36406
0 21 94 0.597795
0 21 95 0.207353
0 21 96 0.0745866
0 21 97 0.0267655
0 21 98 0.0252854
0 21 99 0.0142533
0 21 100 0.0234238
0 21 101 0.00738686
0 21 102 -0.00422508
0 21 103 0.034166
0 21 104 0.0086686
0 21 105 0.00409096
0 21 106 -0.0264571
0 21 107 0.017595
0 21 108 0.00760048
0 21 109 0.0129258
0 21 110 0.00123757
0 21 111 -0.00182945
0 21 112 0.00573891
0 21 113 0.00532692
0 21 114 0.0263993
0 21 115 0.0243394
0 21 116 0.0071885
0 21 117 0.00520485
0 21 118 0.00268715
0 21 119 0.0191209
0 21 120 -0.0117477
0 21 121 -0.0237716
0 21 122 -0.00611717
0 21 123 0.00961464
0 21 124 0.00198525
0 21 125 0.00586098
0 21 126 0.00280922
0 21 127 0.00070351
