0 15 0 0.0264571
0 15 1 -0.0252396
0 15 2 0.00671226
0 15 3 -0.0124833
0 15 4 -0.0792252
0 15 5 0.0249923
0 15 6 -0.0290849
0 15 7 0.0239852
0 15 8 -0.0252396
0 15 9 0.0116866
0 15 10 -0.0274979
0 15 11 0.0372909
0 15 12 0.0742171
0 15 13 0.0396712
0 15 14 0.0556014
0 15 15 0.0544723
0 15 16 0.0237411
0 15 17 0.0668929
0 15 18 0.0919479
0 15 19 0.128294
0 15 20 0.0628341
0 15 21 0.112059
0 15 22 0.236143
0 15 23 0.238951
0 15 24 0.342284
0 15 25 0.472014
0 15 26 1.17374
0 15 27 3.0267
0 15 28 5.95871
0 15 29 7.31396
0 15 30 6.54642
0 15 31 4.66714
0 15 32 2.29684
0 15 33 0.77133
0 15 34 0.259856
0 15 35 0.102324
0 15 36 -0.0360734
0 15 37 -0.00830239
0 15 38 -0.00933999
0 15 39 0.00680381
0 15 40 0.0406783
0 15 41 0.0236495
0 15 42 -0.0282914
0 15 43 0.0140365
0 15 44 -0.0311295
0 15 45 0.0124496
0 15 46 0.03311
0 15 47 -0.0169083
0 15 48 0.0131515
0 15 49 0.0412582
0 15 50 0.0542281
0 15 51 0.000486675
0 15 52 -0.00402993
0 15 53 0.00918418
0 15 54 -0.00549477
0 15 55 -0.0169083
0 15 56 -0.0455643
0 15 57 0.0341476
0 15 58 0.0114425
0 15 59 -0.0705277
0 15 60 0.0406783
0 15 61 -0.0158707
0 15 62 -0.0601518
0 15 63 -0.0810258
0 15 64 -0.0294206
0 15 65 -0.000978169
0 15 66 -0.000856098
0 15 67 -0.0244462
0 15 68 -0.0245683
0 15 69 -0.0511185
0 15 70 -0.0855424
0 15 71 -0.0682694
0 15 72 -0.00830239
0 15 73 -0.00390786
0 15 74 -0.0315568
0 15 75 -0.0664689
0 15 76 -0.0193803
0 15 77 0.033232
0 15 78 -0.0104691
0 15 79 0.0261214
0 15 80 0.0272506
0 15 81 -0.0149857
0 15 82 0.0274947
0 15 83 -0.0135209
0 15 84 0.00784141
0 15 85 -0.0183732
0 15 86 -0.0320145
0 15 87 0.0172103
0 15 88 0.0289596
0 15 89 -0.0245683
0 15 90 -0.0466019
0 15 91 0.0295089
0 15 92 -0.00470131
0 15 93 -0.0718705
0 15 94 0.0621322
0 15 95 -0.0267045
0 15 96 -0.00119179
0 15 97 -0.0381181
0 15 98 -0.047609
0 15 99 0.0287154
0 15 100 0.030516
0 15 101 0.0139449
0 15 102 -0.00177163
0 15 103 -0.00876015
0 15 104 0.0125716
0 15 105 -0.0280778
0 15 106 -0.00854653
0 15 107 0.00533897
0 15 108 0.0157455
0 15 109 0.0517562
0 15 110 0.0081771
0 15 111 0.000822368
0 15 112 0.00738365
0 15 113 -0.00650185
0 15 114 0.0419295
0 15 115 -0.0820329
0 15 116 -0.0232255
0 15 117 0.00308067
0 15 118 -0.0323502
0 15 119 0.00829917
0 15 120 0.00185997
0 15 121 -0.00830239
0 15 122 0.0184615
0 15 123 -0.0364396
0 15 124 -0.0176713
0 15 125 -0.0760514
0 15 126 0.0208114
0 15 127 0.0180953
