0 28 0 0.00233901
0 28 1 -0.00391709
0 28 2 -0.00770127
0 28 3 -0.0108293
0 28 4 -0.00250565
0 28 5 -0.0120271
0 28 6 -0.00361192
0 28 7 -0.00669419
0 28 8 -0.00424516
0 28 9 -0.0126146
0 28 10 -0.0101961
0 28 11 -0.00981461
0 28 12 0.00248397
0 28 13 -0.00483262
0 28 14 0.0111586
0 28 15 -0.00822007
0 28 16 0.00455154
0 28 17 -0.012195
0 28 18 -0.00431382
0 28 19 0.00474227
0 28 20 0.00812209
0 28 21 0.00111831
0 28 22 -0.0036348
0 28 23 0.00904525
0 28 24 -0.00824296
0 28 25 0.0123335
0 28 26 -0.010074
0 28 27 0.0112044
0 28 28 0.00224746
0 28 29 0.0123106
0 28 30 0.0203291
0 28 31 0.0163084
0 28 32 0.0371443
0 28 33 0.0380827
0 28 34 0.0327269
0 28 35 0.0597197
0 28 36 0.0853545
0 28 37 0.219563
0 28 38 0.500912
0 28 39 1.10183
0 28 40 1.51749
0 28 41 1.44941
0 28 42 1.09165
0 28 43 0.607068
0 28 44 0.227444
0 28 45 0.0664717
0 28 46 0.0228468
0 28 47 0.00504745
0 28 48 0.0100066
0 28 49 0.0182844
0 28 50 0.00572646
0 28 51 -0.00245988
0 28 52 0.0101439
0 28 53 -0.0167345
0 28 54 -0.00974595
0 28 55 -0.00673997
0 28 56 -0.00431382
0 28 57 -0.0236696
0 28 58 -0.000979775
0 28 59 -0.00650346
0 28 60 0.00516189
0 28 61 -0.00718247
0 28 62 -0.00702226
0 28 63 0.00422347
0 28 64 -0.00151383
0 28 65 0.00153793
0 28 66 -0.0101274
0 28 67 -0.00779282
0 28 68 1.20464e-05
0 28 69 0.00194228
0 28 70 0.00205672
0 28 71 0.00645888
0 28 72 -0.0139345
0 28 73 -0.00657212
0 28 74 0.00770248
0 28 75 0.00335372
0 28 76 -0.00172746
0 28 77 -0.00224625
0 28 78 -0.00100266
0 28 79 -0.00304734
0 28 80 -0.00878465
0 28 81 0.00518478
0 28 82 -0.004413
0 28 83 -0.00815141
0 28 84 0.00781692
0 28 85 -0.0071367
0 28 86 -0.0199999
0 28 87 0.00248397
0 28 88 -0.0161699
0 28 89 -0.00892197
0 28 90 -0.00737321
0 28 91 -0.00177323
0 28 92 -0.0156511
0 28 93 0.00497115
0 28 94 0.00516189
0 28 95 -0.000460976
0 28 96 0.00485671
0 28 97 -0.00156724
0 28 98 0.0011412
0 28 99 -0.0190614
0 28 100 -0.0129427
0 28 101 0.00337661
0 28 102 0.00527633
0 28 103 -0.00638139
0 28 104 -0.00645768
0 28 105 0.000294334
0 28 106 -0.000903481
0 28 107 0.00135482
0 28 108 0.00189651
0 28 109 -0.00579392
0 28 110 0.00361312
0 28 111 -0.00535142
0 28 112 -0.00248277
0 28 113 0.00381911
0 28 114 0.0131346
0 28 115 -0.00181901
0 28 116 -0.00826585
0 28 117 0.000691063
0 28 118 -0.00128495
0 28 119 -0.00448167
0 28 120 0.00570357
0 28 121 0.000225669
0 28 122 0.00957931
0 28 123 -0.00506913
0 28 124 0.00203384
0 28 125 0.00481094
0 28 126 -0.0066179
0 28 127 -0.00304734
