0 23 0 0.0747191
0 23 1 0.0953947
0 23 2 0.123471
0 23 3 0.159772
0 23 4 0.229916
0 23 5 0.526105
0 23 6 1.35455
0 23 7 2.66484
0 23 8 3.22351
0 23 9 2.91655
0 23 10 2.05487
0 23 11 0.99873
0 23 12 0.356091
0 23 13 0.103085
0 23 14 0.0486723
0 23 15 0.0293394
0 23 16 0.00494064
0 23 17 0.0113341
0 23 18 0.022
0 23 19 -0.00548112
0 23 20 0.00176681
0 23 21 0.00582564
0 23 22 0.00324691
0 23 23 0.0103422
0 23 24 0.0182768
0 23 25 0.0109831
0 23 26 0.00196517
0 23 27 -0.0101961
0 23 28 -0.0220522
0 23 29 0.00300277
0 23 30 -0.00468766
0 23 31 -0.0268587
0 23 32 -0.0024141
0 23 33 -0.00850236
0 23 34 -0.00538957
0 23 35 0.0114256
0 23 36 0.0093962
0 23 37 -0.00334489
0 23 38 -0.00270402
0 23 39 -0.00513017
0 23 40 0.000515586
0 23 41 -0.00274979
0 23 42 0.0187651
0 23 43 0.0126158
0 23 44 0.0189635
0 23 45 0.0125243
0 23 46 -0.0120729
0 23 47 0.0361296
0 23 48 -0.00270402
0 23 49 -0.0167879
0 23 50 0.00642074
0 23 51 -0.0153536
0 23 52 0.0155455
0 23 53 0.00994552
0 23 54 0.0066191
0 23 55 0.00329269
0 23 56 0.0102965
0 23 57 0.0150572
0 23 58 -0.000277871
0 23 59 0.0287901
0 23 60 0.00285018
0 23 61 -0.00920426
0 23 62 0.00375045
0 23 63 0.0199095
0 23 64 -0.0140566
0 23 65 0.0156523
0 23 66 0.0281493
0 23 67 0.00613082
0 23 68 -0.017032
0 23 69 -0.00528275
0 23 70 0.0133177
0 23 71 0.00454391
0 23 72 0.0351836
0 23 73 -0.0155061
0 23 74 -0.0011171
0 23 75 0.00150741
0 23 76 0.0260588
0 23 77 -0.0024141
0 23 78 -0.00876176
0 23 79 0.00423873
0 23 80 -0.0066713
0 23 81 -0.00409257
0 23 82 0.015103
0 23 83 0.00161422
0 23 84 0.0010649
0 23 85 -0.000369423
0 23 86 -0.00235307
0 23 87 -0.00191056
0 23 88 0.00494064
0 23 89 0.0197111
0 23 90 -0.00618302
0 23 91 -0.000125283
0 23 92 0.0129668
0 23 93 0.00285018
0 23 94 -0.0167421
0 23 95 -0.0151094
0 23 96 -0.000171059
0 23 97 0.00404037
0 23 98 0.00597823
0 23 99 0.0214506
0 23 100 0.00379623
0 23 101 -0.0147127
0 23 102 -0.0225404
0 23 103 -0.00548112
0 23 104 -0.000125283
0 23 105 0.0083586
0 23 106 0.0149504
0 23 107 0.0273558
0 23 108 0.0252196
0 23 109 0.0083586
0 23 110 0.0224882
0 23 111 0.017285
0 23 112 0.0299345
0 23 113 -0.023044
0 23 114 -0.0138124
0 23 115 -0.000323647
0 23 116 0.0188719
0 23 117 0.0337035
0 23 118 0.0142027
0 23 119 0.0010649
0 23 120 0.0289427
0 23 121 0.0132109
0 23 122 0.0347411
0 23 123 0.0222441
0 23 124 0.0380217
0 23 125 0.0561186
0 23 126 0.0402495
0 23 127 0.0583006
