0 19 0 -0.0169838
0 19 1 0.0243522
0 19 2 0.0103752
0 19 3 -0.0100869
0 19 4 0.00602642
0 19 5 0.00407329
0 19 6 -0.00599751
0 19 7 0.0151207
0 19 8 0.0155021
0 19 9 0.00744549
0 19 10 0.0151207
0 19 11 0.0118095
0 19 12 0.00498882
0 19 13 -0.0136727
0 19 14 -0.0127572
0 19 15 0.0194084
0 19 16 -0.0143135
0 19 17 -0.00613484
0 19 18 0.00855938
0 19 19 -0.00274739
0 19 20 0.000502737
0 19 21 -0.000351755
0 19 22 0.0160972
0 19 23 -0.0323189
0 19 24 -0.0142525
0 19 25 -0.00203022
0 19 26 0.0185691
0 19 27 0.0175163
0 19 28 -0.0327004
0 19 29 -0.0204171
0 19 30 0.0176536
0 19 31 0.000884207
0 19 32 0.00901714
0 19 33 -0.0370644
0 19 34 0.00257793
0 19 35 0.00959698
0 19 36 -0.00326618
0 19 37 0.0326683
0 19 38 0.0238945
0 19 39 -0.0182808
0 19 40 0.0466301
0 19 41 0.0311729
0 19 42 0.0333702
0 19 43 0.0295402
0 19 44 0.0706016
0 19 45 0.0348045
0 19 46 0.0592338
0 19 47 0.0798942
0 19 48 0.0690452
0 19 49 0.0739891
0 19 50 0.0951072
0 19 51 0.137603
0 19 52 0.221877
0 19 53 0.333312
0 19 54 0.768783
0 19 55 1.89899
0 19 56 3.57733
0 19 57 4.20396
0 19 58 3.70125
0 19 59 2.48917
0 19 60 1.1951
0 19 61 0.403609
0 19 62 0.143966
0 19 63 0.0433189
0 19 64 -0.0124367
0 19 65 -0.0287331
0 19 66 0.0145408
0 19 67 -0.01204
0 19 68 0.00530926
0 19 69 -0.00456318
0 19 70 -0.0384835
0 19 71 -0.0112008
0 19 72 0.000624807
0 19 73 0.0032951
0 19 74 -0.00956806
0 19 75 -0.00769123
0 19 76 -0.00639424
0 19 77 -0.0122994
0 19 78 0.0142051
0 19 79 -0.00294575
0 19 80 -0.0434884
0 19 81 -0.00216755
0 19 82 0.000167044
0 19 83 -0.0295876
0 19 84 -0.00846943
0 19 85 0.0227806
0 19 86 -0.0205544
0 19 87 -0.00677571
0 19 88 -0.0263375
0 19 89 0.0174553
0 19 90 -0.0303048
0 19 91 -0.0137337
0 19 92 0.0022575
0 19 93 0.000167044
0 19 94 0.00517193
0 19 95 -0.0265969
0 19 96 0.00608745
0 19 97 0.0106346
0 19 98 -0.0175637
0 19 99 -0.00671467
0 19 100 -0.00970539
0 19 101 0.0201255
0 19 102 0.012191
0 19 103 0.00920025
0 19 104 0.0229789
0 19 105 0.0496208
0 19 106 -0.00378498
0 19 107 -0.0328377
0 19 108 0.00309673
0 19 109 -0.00326618
0 19 110 -0.0255593
0 19 111 0.0121299
0 19 112 -0.0128792
0 19 113 -0.00944599
0 19 114 0.0391532
0 19 115 -0.00131306
0 19 116 0.00796429
0 19 117 -0.0316018
0 19 118 -0.00938496
0 19 119 -0.0205544
0 19 120 0.0322715
0 19 121 0.0163566
0 19 122 0.0105125
0 19 123 0.0242759
0 19 124 0.0209037
0 19 125 0.0234367
0 19 126 0.0362999
0 19 127 -0.0542763
