0 16 0 0.0207696
0 16 1 -0.041059
0 16 2 0.0210748
0 16 3 0.0200677
0 16 4 -0.0179267
0 16 5 0.020556
0 16 6 0.0573602
0 16 7 -0.0405402
0 16 8 0.0201593
0 16 9 -0.0204291
0 16 10 0.0251947
0 16 11 -0.000623201
0 16 12 0.0264154
0 16 13 -0.00819156
0 16 14 -0.027967
0 16 15 -0.045362
0 16 16 -0.0355048
0 16 17 0.00218442
0 16 18 0.00108578
0 16 19 0.099566
0 16 20 0.127917
0 16 21 0.131732
0 16 22 0.104388
0 16 23 0.130724
0 16 24 0.213061
0 16 25 0.201708
0 16 26 0.255877
0 16 27 0.46477
0 16 28 1.25051
0 16 29 3.15581
0 16 30 5.6169
0 16 31 6.51271
0 16 32 5.72637
0 16 33 3.81252
0 16 34 1.79653
0 16 35 0.681567
0 16 36 0.1794
0 16 37 0.037951
0 16 38 0.0411859
0 16 39 0.0601678
0 16 40 -0.0224433
0 16 41 -0.00535343
0 16 42 -0.0683722
0 16 43 -0.0144171
0 16 44 -0.00736759
0 16 45 0.0146356
0 16 46 0.00529721
0 16 47 -0.0298896
0 16 48 -0.03935
0 16 49 0.0247064
0 16 50 -0.0251593
0 16 51 -0.00929019
0 16 52 -0.0237555
0 16 53 0.068316
0 16 54 -0.00898502
0 16 55 -0.0747199
0 16 56 -0.0237555
0 16 57 -0.018537
0 16 58 -0.0542121
0 16 59 0.00950863
0 16 60 -0.0117011
0 16 61 0.0237909
0 16 62 -0.0210395
0 16 63 0.0171685
0 16 64 -0.00013492
0 16 65 -0.00745914
0 16 66 0.0109124
0 16 67 -0.0156073
0 16 68 0.0173517
0 16 69 -0.0441718
0 16 70 0.0172601
0 16 71 -0.0121894
0 16 72 -0.00486514
0 16 73 -0.0344062
0 16 74 -0.00767276
0 16 75 -0.0351081
0 16 76 0.0269037
0 16 77 0.0134454
0 16 78 0.00407651
0 16 79 -0.0441718
0 16 80 -0.00205753
0 16 81 0.00276425
0 16 82 -0.038526
0 16 83 0.0339532
0 16 84 -0.000836824
0 16 85 0.0251947
0 16 86 0.0433831
0 16 87 0.0288263
0 16 88 -0.0370307
0 16 89 0.00569394
0 16 90 0.0278192
0 16 91 0.0286126
0 16 92 0.0463128
0 16 93 0.00911191
0 16 94 -0.0489936
0 16 95 -0.00758121
0 16 96 0.0409723
0 16 97 -0.0308051
0 16 98 0.00206235
0 16 99 -0.0442633
0 16 100 0.0077081
0 16 101 0.00700619
0 16 102 -0.00324771
0 16 103 0.0212884
0 16 104 0.0424981
0 16 105 -0.027265
0 16 106 0.0294061
0 16 107 -0.00123355
0 16 108 -0.0291877
0 16 109 -0.016706
0 16 110 -0.0149054
0 16 111 0.00297787
0 16 112 -0.0130133
0 16 113 0.0289178
0 16 114 -0.0404486
0 16 115 -0.00535343
0 16 116 -0.0265631
0 16 117 0.0316339
0 16 118 -0.00245426
0 16 119 0.0166497
0 16 120 -0.0195441
0 16 121 -0.00013492
0 16 122 -0.0312018
0 16 123 -0.0232672
0 16 124 -0.00758121
0 16 125 0.0780816
0 16 126 -0.00446842
0 16 127 -0.0412421
