0 1 0 0.0344286
0 1 1 0.0242053
0 1 2 0.0360766
0 1 3 0.06104
0 1 4 0.0619555
0 1 5 0.0167895
0 1 6 -0.0318555
0 1 7 0.00302606
0 1 8 0.0539599
0 1 9 0.0744982
0 1 10 0.0109911
0 1 11 0.0318957
0 1 12 0.0177966
0 1 13 0.0162097
0 1 14 -0.0281629
0 1 15 0.0806933
0 1 16 0.0426074
0 1 17 0.0390673
0 1 18 -0.0294446
0 1 19 -0.00368781
0 1 20 -0.0279188
0 1 21 -0.015315
0 1 22 -0.0304822
0 1 23 -0.0190992
0 1 24 0.0492297
0 1 25 -0.0133314
0 1 26 -0.00307746
0 1 27 0.0463305
0 1 28 0.00787835
0 1 29 0.042882
0 1 30 4.81856e-06
0 1 31 0.0583239
0 1 32 -0.0194349
0 1 33 -0.0261487
0 1 34 0.00354486
0 1 35 -0.00969977
0 1 36 -0.0155286
0 1 37 0.0130053
0 1 38 -0.0185499
0 1 39 -0.00335211
0 1 40 0.0192919
0 1 41 0.00302606
0 1 42 0.0298205
0 1 43 -0.0137891
0 1 44 0.0390673
0 1 45 -0.037074
0 1 46 0.056798
0 1 47 -0.00741095
0 1 48 0.0562487
0 1 49 -0.0273694
0 1 50 -0.0424451
0 1 51 0.06104
0 1 52 0.0335742
0 1 53 0.0494433
0 1 54 -0.00695319
0 1 55 0.0669909
0 1 56 0.0478564
0 1 57 0.0440112
0 1 58 0.0353137
0 1 59 0.0160265
0 1 60 0.0460253
0 1 61 0.0217333
0 1 62 0.0130053
0 1 63 0.0658007
0 1 64 -0.0266981
0 1 65 0.0824023
0 1 66 0.0271349
0 1 67 -0.00393195
0 1 68 -0.0115308
0 1 69 -0.0543165
0 1 70 0.055028
0 1 71 0.00281244
0 1 72 -0.0258436
0 1 73 0.0027514
0 1 74 0.0213366
0 1 75 -0.0691175
0 1 76 0.0243884
0 1 77 0.0685778
0 1 78 0.0578967
0 1 79 0.0298205
0 1 80 0.0908862
0 1 81 0.0767565
0 1 82 0.0485583
0 1 83 0.108251
0 1 84 0.0650378
0 1 85 0.223302
0 1 86 0.41071
0 1 87 1.16263
0 1 88 2.03132
0 1 89 2.24048
0 1 90 1.88514
0 1 91 1.21186
0 1 92 0.606725
0 1 93 0.191625
0 1 94 0.0630541
0 1 95 -0.00606818
0 1 96 0.0485278
0 1 97 -0.00515265
0 1 98 0.0786791
0 1 99 0.0344286
0 1 100 0.0583544
0 1 101 0.0378771
0 1 102 0.0383959
0 1 103 0.0169726
0 1 104 -0.00203986
0 1 105 0.0382433
0 1 106 -0.0427503
0 1 107 -0.0579175
0 1 108 -0.0412549
0 1 109 0.0478869
0 1 110 -0.0497999
0 1 111 0.0413561
0 1 112 -0.0293226
0 1 113 0.00607782
0 1 114 -0.0109205
0 1 115 -0.0100049
0 1 116 0.0974474
0 1 117 -0.0150098
0 1 118 0.0735827
0 1 119 0.0423632
0 1 120 -0.00100226
0 1 121 0.0194445
0 1 122 0.0221606
0 1 123 0.0325976
0 1 124 0.00366693
0 1 125 -0.0511426
0 1 126 0.00851922
0 1 127 0.0557909
