0 2 0 0.00804379
0 2 1 0.0148797
0 2 2 0.0705438
0 2 3 -0.052442
0 2 4 0.0192743
0 2 5 -0.00581119
0 2 6 -0.0169806
0 2 7 0.0544305
0 2 8 0.0236078
0 2 9 0.0329461
0 2 10 0.0559564
0 2 11 0.170702
0 2 12 0.0770135
0 2 13 0.209399
0 2 14 0.0875116
0 2 15 0.127245
0 2 16 0.150256
0 2 17 0.20061
0 2 18 0.269518
0 2 19 0.513598
0 2 20 1.33281
0 2 21 3.18865
0 2 22 4.64311
0 2 23 4.40654
0 2 24 3.51891
0 2 25 1.99266
0 2 26 0.784167
0 2 27 0.344103
0 2 28 0.103442
0 2 29 0.0578485
0 2 30 0.0251947
0 2 31 -0.0468268
0 2 32 -0.036817
0 2 33 0.00548031
0 2 34 -0.02461
0 2 35 0.0349603
0 2 36 -0.0216803
0 2 37 -0.0399909
0 2 38 0.00633481
0 2 39 -0.0288214
0 2 40 -0.043714
0 2 41 -0.0165534
0 2 42 0.0142694
0 2 43 0.0351434
0 2 44 -0.0175299
0 2 45 -0.0339484
0 2 46 -0.0253424
0 2 47 -0.0699591
0 2 48 -0.0273566
0 2 49 0.0313592
0 2 50 -0.0308356
0 2 51 -0.00416324
0 2 52 -0.0460334
0 2 53 -0.043714
0 2 54 -0.0372443
0 2 55 -0.0363288
0 2 56 0.0472284
0 2 57 0.0462518
0 2 58 0.00682309
0 2 59 -0.0710578
0 2 60 0.0375238
0 2 61 -0.0371222
0 2 62 -0.0365119
0 2 63 -0.0969977
0 2 64 -0.113599
0 2 65 0.0387445
0 2 66 -0.0285163
0 2 67 -0.0115485
0 2 68 0.0191522
0 2 69 -0.0764899
0 2 70 -0.0450568
0 2 71 0.0286737
0 2 72 -0.057508
0 2 73 0.077807
0 2 74 0.119982
0 2 75 -0.0963874
0 2 76 0.0114618
0 2 77 -0.0322394
0 2 78 0.0574212
0 2 79 0.0926996
0 2 80 -0.0427375
0 2 81 -0.0733161
0 2 82 0.0291009
0 2 83 0.0601678
0 2 84 0.0109735
0 2 85 0.0464959
0 2 86 -0.041883
0 2 87 -0.0484748
0 2 88 -0.0418219
0 2 89 -0.0572638
0 2 90 0.00682309
0 2 91 0.0148797
0 2 92 -0.0449347
0 2 93 0.0385614
0 2 94 -0.0381598
0 2 95 -0.0681891
0 2 96 0.00468686
0 2 97 0.0602899
0 2 98 -0.0276007
0 2 99 0.0471063
0 2 100 -0.0252814
0 2 101 -0.0257697
0 2 102 0.0256219
0 2 103 -0.059278
0 2 104 0.0352044
0 2 105 0.0250116
0 2 106 -0.00880191
0 2 107 0.0700555
0 2 108 -0.0319953
0 2 109 -0.0171637
0 2 110 0.0298333
0 2 111 -0.0341315
0 2 112 0.00987485
0 2 113 -0.0269904
0 2 114 0.0184198
0 2 115 -0.0334601
0 2 116 0.0071893
0 2 117 -0.0109381
0 2 118 0.0347162
0 2 119 -0.0568366
0 2 120 -0.0521369
0 2 121 -0.0353522
0 2 122 -0.0744147
0 2 123 -0.0537848
0 2 124 -0.0122809
0 2 125 -0.0474982
0 2 126 -0.0168586
0 2 127 -0.0395026
