File: 2019-11-29-scan02b.ar.pazi.pTf16.newpar Src: J2241-5236 Nsub: 1 Nch: 32 Npol: 1 Nbin: 128 RMS: 0.0204933
0 0 0 -0.00378418
0 0 1 -0.0208588
0 0 2 -0.0283051
0 0 3 0.0189514
0 0 4 -0.0282135
0 0 5 -0.0191803
0 0 6 0.00866699
0 0 7 0.0154419
0 0 8 0.00100708
0 0 9 0.00961304
0 0 10 -0.021286
0 0 11 0.00411987
0 0 12 0.00202942
0 0 13 -0.00588989
0 0 14 -0.00012207
0 0 15 0.00993347
0 0 16 0.020462
0 0 17 -0.00382996
0 0 18 0.0177765
0 0 19 0.0157318
0 0 20 -0.0241699
0 0 21 0.0131989
0 0 22 0.0132294
0 0 23 0.00454712
0 0 24 -0.012619
0 0 25 0.0035553
0 0 26 -0.011322
0 0 27 0.0133209
0 0 28 0.00831604
0 0 29 -0.00366211
0 0 30 0.0130463
0 0 31 0.0571136
0 0 32 0.0478363
0 0 33 0.128082
0 0 34 0.222
0 0 35 0.26059
0 0 36 0.19487
0 0 37 0.127304
0 0 38 0.0513763
0 0 39 0.0217438
0 0 40 0.00959778
0 0 41 0.0108643
0 0 42 -0.011261
0 0 43 -0.0281525
0 0 44 -0.035675
0 0 45 -0.00593567
0 0 46 0.0139313
0 0 47 0.00341797
0 0 48 -0.00686646
0 0 49 -0.0163116
0 0 50 6.10352e-05
0 0 51 0.0119934
0 0 52 -0.0305786
0 0 53 -0.00582886
0 0 54 0.00535583
0 0 55 -0.0391235
0 0 56 0.0297546
0 0 57 -0.0146332
0 0 58 -0.013855
0 0 59 -0.0277405
0 0 60 -0.0454865
0 0 61 -0.0342865
0 0 62 -0.0108337
0 0 63 -0.0238495
0 0 64 -0.0187378
0 0 65 0.00880432
0 0 66 0.00267029
0 0 67 0.0137939
0 0 68 -0.00163269
0 0 69 -0.0362091
0 0 70 -0.0330811
0 0 71 -0.0539246
0 0 72 0.0149231
0 0 73 -0.00405884
0 0 74 0.00810242
0 0 75 0.0106506
0 0 76 -0.0230255
0 0 77 -0.0168457
0 0 78 0.0173035
0 0 79 -0.0179901
0 0 80 -0.0363922
0 0 81 0.0225067
0 0 82 0.0113678
0 0 83 -0.00813293
0 0 84 0.00204468
0 0 85 0.0575409
0 0 86 -0.0131378
0 0 87 0.0184021
0 0 88 0.00386047
0 0 89 -0.00169373
0 0 90 -0.0169678
0 0 91 -0.00883484
0 0 92 -0.00526428
0 0 93 -0.0239868
0 0 94 -0.034256
0 0 95 -0.00205994
0 0 96 0.0175323
0 0 97 -0.0274658
0 0 98 -0.0241241
0 0 99 0.0461426
0 0 100 0.00666809
0 0 101 0.0127411
0 0 102 0.013382
0 0 103 -0.0183563
0 0 104 0.0172577
0 0 105 0.0297241
0 0 106 0.0260925
0 0 107 0.0180206
0 0 108 -0.0292664
0 0 109 0.00712585
0 0 110 0.0183258
0 0 111 -0.0180664
0 0 112 0.0207214
0 0 113 0.0080719
0 0 114 -0.0158997
0 0 115 -0.0119019
0 0 116 -0.0299988
0 0 117 -0.00772095
0 0 118 -0.00831604
0 0 119 -0.00732422
0 0 120 0.0101929
0 0 121 -0.0388641
0 0 122 0.0141296
0 0 123 0.0149536
0 0 124 0.00569153
0 0 125 0.0146332
0 0 126 0.00274658
0 0 127 0.0293427
