0 11 0 0.0281886
0 11 1 -0.0776464
0 11 2 -0.0488988
0 11 3 0.0104274
0 11 4 -0.0238133
0 11 5 0.00572767
0 11 6 0.0220241
0 11 7 0.0313014
0 11 8 -0.0760594
0 11 9 -0.0476781
0 11 10 0.0208034
0 11 11 -0.000864129
0 11 12 -0.0139257
0 11 13 0.0436915
0 11 14 -0.0120336
0 11 15 -0.0355931
0 11 16 0.0764064
0 11 17 -0.080454
0 11 18 -0.00367175
0 11 19 0.0291041
0 11 20 0.0556544
0 11 21 -0.00104723
0 11 22 0.0209254
0 11 23 -0.0677587
0 11 24 0.0047511
0 11 25 -0.021433
0 11 26 -0.0635472
0 11 27 -0.0217382
0 11 28 -0.0437108
0 11 29 -0.0842381
0 11 30 0.0193995
0 11 31 0.0164088
0 11 32 -0.0429784
0 11 33 0.0172023
0 11 34 -0.0235082
0 11 35 0.0811061
0 11 36 -0.0625707
0 11 37 -0.0321141
0 11 38 -0.00574694
0 11 39 0.00743665
0 11 40 0.0320949
0 11 41 0.070547
0 11 42 0.0928859
0 11 43 -0.0274144
0 11 44 -0.00556384
0 11 45 0.0745143
0 11 46 0.0981959
0 11 47 0.139517
0 11 48 0.0909938
0 11 49 0.0820216
0 11 50 0.199636
0 11 51 -0.00196276
0 11 52 0.098379
0 11 53 0.171377
0 11 54 0.309378
0 11 55 0.279409
0 11 56 0.462942
0 11 57 0.758596
0 11 58 1.9663
0 11 59 5.14684
0 11 60 9.02489
0 11 61 10.1352
0 11 62 8.53515
0 11 63 5.60692
0 11 64 2.51238
0 11 65 0.90209
0 11 66 0.257254
0 11 67 0.107595
0 11 68 0.0661525
0 11 69 0.0277003
0 11 70 0.065359
0 11 71 0.0864161
0 11 72 -0.0426122
0 11 73 -0.057871
0 11 74 -0.0137425
0 11 75 -0.0315038
0 11 76 0.0812282
0 11 77 -0.0671483
0 11 78 -0.0407811
0 11 79 0.0325831
0 11 80 -0.0233251
0 11 81 -0.0282079
0 11 82 -0.0394994
0 11 83 -0.00794421
0 11 84 0.0495509
0 11 85 0.0347804
0 11 86 -0.154429
0 11 87 -0.00873766
0 11 88 0.0035304
0 11 89 -0.0172216
0 11 90 -0.1056
0 11 91 -0.0803319
0 11 92 0.00322523
0 11 93 -0.0773412
0 11 94 -0.0721532
0 11 95 -0.0830174
0 11 96 0.041067
0 11 97 -0.0595799
0 11 98 -0.0332128
0 11 99 -0.000253778
0 11 100 -0.0550633
0 11 101 0.0068263
0 11 102 0.104299
0 11 103 0.0922145
0 11 104 0.0247096
0 11 105 0.05834
0 11 106 -0.0365087
0 11 107 -0.0304051
0 11 108 -0.00916491
0 11 109 0.0273951
0 11 110 -0.00196276
0 11 111 -7.06723e-05
0 11 112 0.00841321
0 11 113 0.091299
0 11 114 0.00731458
0 11 115 -0.0625707
0 11 116 0.0781154
0 11 117 -0.0244237
0 11 118 -0.0315038
0 11 119 -0.0562841
0 11 120 0.00932874
0 11 121 -0.118967
0 11 122 -0.113779
0 11 123 0.0347804
0 11 124 -0.080454
0 11 125 0.0545558
0 11 126 -0.0365087
0 11 127 -0.00116931
