0 6 0 -0.138023
0 6 1 -0.10775
0 6 2 -0.0722271
0 6 3 -0.139976
0 6 4 -0.119834
0 6 5 -0.0556255
0 6 6 3.85485e-05
0 6 7 -0.110313
0 6 8 -0.0647808
0 6 9 -0.085899
0 6 10 0.179848
0 6 11 0.00882761
0 6 12 -0.0573345
0 6 13 0.0951313
0 6 14 0.119179
0 6 15 0.00138132
0 6 16 -0.094688
0 6 17 -0.00447805
0 6 18 0.0658344
0 6 19 -0.0647808
0 6 20 -0.153648
0 6 21 -0.0934673
0 6 22 0.0365376
0 6 23 -0.0116802
0 6 24 -0.0142437
0 6 25 -0.0722271
0 6 26 0.018227
0 6 27 0.128334
0 6 28 -0.0191265
0 6 29 0.0769428
0 6 30 0.155678
0 6 31 0.102333
0 6 32 0.0439839
0 6 33 -0.100914
0 6 34 0.0660786
0 6 35 0.0326313
0 6 36 0.092812
0 6 37 -0.0788189
0 6 38 0.0133442
0 6 39 -0.0989605
0 6 40 -0.144859
0 6 41 0.159218
0 6 42 -0.0208355
0 6 43 0.0713276
0 6 44 -0.0273052
0 6 45 -0.0553814
0 6 46 -0.0472027
0 6 47 -0.143272
0 6 48 0.181801
0 6 49 -0.0465923
0 6 50 -0.122398
0 6 51 0.16874
0 6 52 0.00882761
0 6 53 0.17228
0 6 54 0.0818257
0 6 55 0.17228
0 6 56 0.0974507
0 6 57 0.156655
0 6 58 0.056313
0 6 59 0.0533833
0 6 60 0.249428
0 6 61 0.457924
0 6 62 0.352333
0 6 63 0.420815
0 6 64 0.543251
0 6 65 0.67643
0 6 66 0.726845
0 6 67 0.834389
0 6 68 1.42155
0 6 69 3.80338
0 6 70 9.76517
0 6 71 18.198
0 6 72 21.0752
0 6 73 18.4722
0 6 74 12.1988
0 6 75 5.66227
0 6 76 1.90311
0 6 77 0.58561
0 6 78 0.16996
0 6 79 0.087685
0 6 80 0.117226
0 6 81 0.00333445
0 6 82 -0.0400005
0 6 83 -0.039024
0 6 84 -0.0260845
0 6 85 -0.11129
0 6 86 -0.0126568
0 6 87 -0.25753
0 6 88 -0.00130422
0 6 89 0.0954975
0 6 90 -0.131553
0 6 91 0.0592427
0 6 92 0.0619282
0 6 93 -0.266685
0 6 94 -0.0358501
0 6 95 -0.0501323
0 6 96 0.177529
0 6 97 -0.039024
0 6 98 0.0589985
0 6 99 0.0699848
0 6 100 -0.013023
0 6 101 0.127968
0 6 102 -0.0139995
0 6 103 -0.134483
0 6 104 0.0072407
0 6 105 -0.0280376
0 6 106 0.0605854
0 6 107 -0.104454
0 6 108 0.0514302
0 6 109 -0.0475689
0 6 110 -0.0155865
0 6 111 -0.0526958
0 6 112 -0.0673443
0 6 113 0.0690083
0 6 114 -0.0152202
0 6 115 0.227944
0 6 116 0.121865
0 6 117 0.0297016
0 6 118 0.0433735
0 6 119 -0.10189
0 6 120 0.147255
0 6 121 0.000404759
0 6 122 -0.0432964
0 6 123 -0.0553814
0 6 124 -0.0898052
0 6 125 -0.0146099
0 6 126 -0.0315777
0 6 127 0.0961079
