0 20 0 0.0354638
0 20 1 0.0158105
0 20 2 0.0126062
0 20 3 0.0139032
0 20 4 0.0345941
0 20 5 0.0171991
0 20 6 0.0173364
0 20 7 0.00587704
0 20 8 0.0282922
0 20 9 -0.00431583
0 20 10 0.00720456
0 20 11 -0.0100989
0 20 12 -0.0215735
0 20 13 -0.000104402
0 20 14 0.0131402
0 20 15 0.0303521
0 20 16 0.0137658
0 20 17 -0.00335452
0 20 18 0.0051141
0 20 19 0.00410702
0 20 20 -0.0255408
0 20 21 0.00973752
0 20 22 -0.00752017
0 20 23 -0.00846622
0 20 24 0.0079675
0 20 25 -0.00794742
0 20 26 -0.0247626
0 20 27 0.000566984
0 20 28 0.000521208
0 20 29 -0.0390143
0 20 30 0.0105157
0 20 31 0.0183892
0 20 32 0.00161984
0 20 33 0.0139489
0 20 34 0.00601437
0 20 35 0.022265
0 20 36 0.0304437
0 20 37 0.0418115
0 20 38 0.0284753
0 20 39 0.0361352
0 20 40 0.0130487
0 20 41 -0.00311038
0 20 42 -0.000241731
0 20 43 0.0239434
0 20 44 0.0213037
0 20 45 0.022738
0 20 46 -0.00584171
0 20 47 0.0196862
0 20 48 0.020205
0 20 49 -0.00263736
0 20 50 0.0303521
0 20 51 -0.000913118
0 20 52 0.0304437
0 20 53 0.0254236
0 20 54 0.0282922
0 20 55 0.0388971
0 20 56 0.0449243
0 20 57 0.0196405
0 20 58 0.0403772
0 20 59 0.0118432
0 20 60 0.03966
0 20 61 0.0425287
0 20 62 0.0781427
0 20 63 0.0883355
0 20 64 0.0755639
0 20 65 0.0706964
0 20 66 0.102236
0 20 67 0.144778
0 20 68 0.185839
0 20 69 0.468646
0 20 70 1.11736
0 20 71 2.39331
0 20 72 3.09366
0 20 73 2.90068
0 20 74 2.10904
0 20 75 1.13991
0 20 76 0.420931
0 20 77 0.133303
0 20 78 0.0445428
0 20 79 0.0209222
0 20 80 0.0132318
0 20 81 0.00792172
0 20 82 0.0297723
0 20 83 0.00534299
0 20 84 0.0182061
0 20 85 0.0160547
0 20 86 0.000948454
0 20 87 0.0128503
0 20 88 0.0151391
0 20 89 -0.0114875
0 20 90 0.0051141
0 20 91 0.00534299
0 20 92 -0.0255408
0 20 93 -0.0203223
0 20 94 -0.00900028
0 20 95 0.0219751
0 20 96 0.0135675
0 20 97 -0.0167365
0 20 98 -0.00922916
0 20 99 0.022738
0 20 100 0.00908139
0 20 101 0.00515988
0 20 102 0.00783017
0 20 103 0.00802853
0 20 104 0.0291009
0 20 105 0.0102716
0 20 106 0.0279565
0 20 107 -0.00420902
0 20 108 0.0135675
0 20 109 -0.010282
0 20 110 0.0154748
0 20 111 0.0268121
0 20 112 0.0257135
0 20 113 0.0128045
0 20 114 0.00161984
0 20 115 0.00218442
0 20 116 0.0189233
0 20 117 0.019259
0 20 118 0.0158563
0 20 119 0.00276425
0 20 120 0.00635007
0 20 121 0.0145288
0 20 122 0.0420556
0 20 123 -0.0014014
0 20 124 -0.00306461
0 20 125 0.0218377
0 20 126 0.0169091
0 20 127 0.0213037
