0 24 0 -0.012627
0 24 1 0.00962027
0 24 2 -0.0303883
0 24 3 -0.025124
0 24 4 -0.0141834
0 24 5 -0.0130543
0 24 6 -0.0226368
0 24 7 -0.0374226
0 24 8 -0.0340809
0 24 9 0.01432
0 24 10 0.0150982
0 24 11 -0.00196116
0 24 12 -0.0306019
0 24 13 0.00336416
0 24 14 -0.0311665
0 24 15 0.00223501
0 24 16 0.0313793
0 24 17 -0.00225107
0 24 18 0.00159414
0 24 19 -0.000969335
0 24 20 0.00785025
0 24 21 -0.00586741
0 24 22 0.0191417
0 24 23 0.0556865
0 24 24 0.0506359
0 24 25 0.0604473
0 24 26 0.060371
0 24 27 0.0909344
0 24 28 0.139625
0 24 29 0.141471
0 24 30 0.179847
0 24 31 0.309211
0 24 32 0.791877
0 24 33 2.06298
0 24 34 3.88703
0 24 35 4.61001
0 24 36 4.0414
0 24 37 2.75759
0 24 38 1.30454
0 24 39 0.452705
0 24 40 0.145668
0 24 41 0.027885
0 24 42 0.00649221
0 24 43 0.0139538
0 24 44 0.00514944
0 24 45 0.0121074
0 24 46 -0.00849192
0 24 47 0.00322683
0 24 48 -0.0109944
0 24 49 -0.0185932
0 24 50 -0.00452463
0 24 51 -0.000679418
0 24 52 -0.021645
0 24 53 0.0148845
0 24 54 0.00621756
0 24 55 0.00785025
0 24 56 0.000312404
0 24 57 -0.0212177
0 24 58 -0.0272602
0 24 59 -0.0146107
0 24 60 -0.0478749
0 24 61 0.0202099
0 24 62 0.00180776
0 24 63 -0.0153279
0 24 64 -0.0226368
0 24 65 -0.0360035
0 24 66 -0.0162434
0 24 67 -0.0143208
0 24 68 -0.0194477
0 24 69 -0.0153889
0 24 70 -0.0242848
0 24 71 -0.0296864
0 24 72 0.00408132
0 24 73 0.00124319
0 24 74 0.00124319
0 24 75 0.0111919
0 24 76 -0.00188486
0 24 77 0.0251842
0 24 78 0.00287588
0 24 79 -0.03167
0 24 80 0.0054241
0 24 81 0.0023113
0 24 82 0.016029
0 24 83 -0.0257038
0 24 84 -0.00928537
0 24 85 -0.0298237
0 24 86 0.0163799
0 24 87 -0.00174753
0 24 88 -0.0281147
0 24 89 -0.00167124
0 24 90 -0.01162
0 24 91 0.0169445
0 24 92 0.00315054
0 24 93 0.00563772
0 24 94 -0.000542089
0 24 95 0.0148083
0 24 96 0.00862844
0 24 97 -0.0104908
0 24 98 -0.00273935
0 24 99 -0.0159687
0 24 100 -0.0278248
0 24 101 -0.01162
0 24 102 0.0011669
0 24 103 -0.00174753
0 24 104 -0.0094227
0 24 105 -0.0172352
0 24 106 0.0288921
0 24 107 0.007423
0 24 108 0.0172954
0 24 109 -0.0170216
0 24 110 -0.00864451
0 24 111 -0.019875
0 24 112 2.24866e-05
0 24 113 0.00507315
0 24 114 -0.0206532
0 24 115 0.0182262
0 24 116 0.0168072
0 24 117 0.00934561
0 24 118 -0.00324289
0 24 119 -0.00907175
0 24 120 -0.0168843
0 24 121 -0.0236439
0 24 122 0.0132519
0 24 123 0.0199352
0 24 124 -0.0261311
0 24 125 -0.0239186
0 24 126 -0.0163197
0 24 127 -0.00843088
