0 14 0 0.0395187
0 14 1 0.0343917
0 14 2 -0.0512406
0 14 3 0.0477279
0 14 4 0.0529769
0 14 5 0.00109703
0 14 6 -0.00555581
0 14 7 0.0819686
0 14 8 0.0199874
0 14 9 -0.0357682
0 14 10 0.0317672
0 14 11 0.079161
0 14 12 0.0311568
0 14 13 0.090483
0 14 14 0.0308517
0 14 15 -0.0188615
0 14 16 0.0664657
0 14 17 0.0794662
0 14 18 0.0853561
0 14 19 0.10797
0 14 20 0.175505
0 14 21 0.199675
0 14 22 0.167906
0 14 23 0.267973
0 14 24 0.260374
0 14 25 0.352995
0 14 26 0.404875
0 14 27 0.727934
0 14 28 1.58642
0 14 29 4.09683
0 14 30 8.22217
0 14 31 10.0966
0 14 32 9.06918
0 14 33 6.36581
0 14 34 3.1456
0 14 35 1.10184
0 14 36 0.336882
0 14 37 0.132902
0 14 38 0.0627425
0 14 39 0.0714095
0 14 40 0.0180038
0 14 41 -0.00540322
0 14 42 -0.0332658
0 14 43 0.0153487
0 14 44 -0.0532548
0 14 45 -0.00460976
0 14 46 -0.0129716
0 14 47 0.00543052
0 14 48 0.0512984
0 14 49 0.0308517
0 14 50 0.011473
0 14 51 0.041838
0 14 52 0.0573409
0 14 53 0.0291427
0 14 54 -0.0385453
0 14 55 -0.050142
0 14 56 -0.004152
0 14 57 0.0323775
0 14 58 0.0263656
0 14 59 -0.0253617
0 14 60 0.000486675
0 14 61 0.0317672
0 14 62 0.0173629
0 14 63 -0.024141
0 14 64 -0.0526444
0 14 65 0.0443099
0 14 66 -0.000428852
0 14 67 0.0145858
0 14 68 0.014128
0 14 69 -0.0180985
0 14 70 0.0968307
0 14 71 0.0361007
0 14 72 0.0136398
0 14 73 -0.0532548
0 14 74 0.0175155
0 14 75 0.0100997
0 14 76 0.0677169
0 14 77 0.0421432
0 14 78 0.0407699
0 14 79 -0.0464494
0 14 80 0.0560897
0 14 81 0.032225
0 14 82 -0.0193498
0 14 83 0.073912
0 14 84 0.0506576
0 14 85 0.00482017
0 14 86 0.0156539
0 14 87 0.0176681
0 14 88 0.00961143
0 14 89 0.053923
0 14 90 0.0412276
0 14 91 0.0379623
0 14 92 0.0613692
0 14 93 -0.034517
0 14 94 -0.0277116
0 14 95 0.0520614
0 14 96 0.0492843
0 14 97 -0.0421159
0 14 98 -0.0165421
0 14 99 -0.00726479
0 14 100 0.0113204
0 14 101 -0.0388505
0 14 102 0.0375045
0 14 103 0.0340865
0 14 104 0.0336288
0 14 105 -0.0098893
0 14 106 0.0201705
0 14 107 -0.0278642
0 14 108 -0.0363786
0 14 109 0.0241988
0 14 110 -0.0490739
0 14 111 0.0441573
0 14 112 -0.0478227
0 14 113 0.0187667
0 14 114 0.00607139
0 14 115 0.00561363
0 14 116 0.00497276
0 14 117 -0.0098893
0 14 118 -0.00229042
0 14 119 -0.0131547
0 14 120 -0.032808
0 14 121 0.0291427
0 14 122 -0.00555581
0 14 123 -0.00540322
0 14 124 0.0291427
0 14 125 0.0313094
0 14 126 0.0342391
0 14 127 0.0367416
