0 25 0 -0.00524822
0 25 1 -0.0111991
0 25 2 -0.00276104
0 25 3 0.011567
0 25 4 -0.00158611
0 25 5 0.0153664
0 25 6 0.00145039
0 25 7 0.0533455
0 25 8 0.011277
0 25 9 0.0192421
0 25 10 -0.00123516
0 25 11 -0.00871197
0 25 12 -0.017501
0 25 13 0.00886616
0 25 14 -0.00884929
0 25 15 -0.0238639
0 25 16 -0.0172874
0 25 17 -0.0058128
0 25 18 -0.00982586
0 25 19 0.00802693
0 25 20 -0.0265647
0 25 21 0.0121773
0 25 22 -0.00657573
0 25 23 0.0294808
0 25 24 -0.0136253
0 25 25 -0.00256267
0 25 26 0.0286568
0 25 27 0.00651631
0 25 28 -0.00366131
0 25 29 -0.00448528
0 25 30 -0.0210258
0 25 31 -0.00636211
0 25 32 -0.00601116
0 25 33 -0.00311199
0 25 34 -0.000960501
0 25 35 0.02118
0 25 36 0.0141915
0 25 37 0.0134896
0 25 38 0.0161293
0 25 39 -0.00193706
0 25 40 0.0274666
0 25 41 -0.0027
0 25 42 0.0256051
0 25 43 -0.00497356
0 25 44 -0.00636211
0 25 45 0.0473946
0 25 46 0.0193795
0 25 47 0.0431832
0 25 48 0.0111397
0 25 49 0.0406197
0 25 50 0.0275429
0 25 51 0.0424813
0 25 52 0.0545205
0 25 53 0.0761879
0 25 54 0.08545
0 25 55 0.0923775
0 25 56 0.115006
0 25 57 0.145722
0 25 58 0.161362
0 25 59 0.187104
0 25 60 0.228608
0 25 61 0.483231
0 25 62 1.233
0 25 63 2.87996
0 25 64 4.4093
0 25 65 4.50791
0 25 66 3.58212
0 25 67 2.14903
0 25 68 0.875214
0 25 69 0.264863
0 25 70 0.126969
0 25 71 0.0540474
0 25 72 0.0424202
0 25 73 -0.0110618
0 25 74 0.0153664
0 25 75 0.0298928
0 25 76 -0.0157005
0 25 77 -0.00538555
0 25 78 -0.00463787
0 25 79 -0.00761333
0 25 80 0.0150917
0 25 81 0.00782856
0 25 82 0.0352181
0 25 83 0.00387654
0 25 84 0.011567
0 25 85 0.00872883
0 25 86 0.0163277
0 25 87 0.0166787
0 25 88 0.0295571
0 25 89 0.0240792
0 25 90 0.0197915
0 25 91 0.0110024
0 25 92 0.016465
0 25 93 -0.00775066
0 25 94 -0.000685842
0 25 95 0.0186928
0 25 96 0.000702707
0 25 97 0.022004
0 25 98 0.00367817
0 25 99 0.00228962
0 25 100 0.01204
0 25 101 0.0206307
0 25 102 0.00575337
0 25 103 0.00561604
0 25 104 0.0182045
0 25 105 0.0104531
0 25 106 0.011216
0 25 107 0.0213784
0 25 108 0.0185555
0 25 109 0.0272683
0 25 110 -0.00546184
0 25 111 0.000214426
0 25 112 0.0276192
0 25 113 0.0336312
0 25 114 0.0117653
0 25 115 -0.0123741
0 25 116 0.0027779
0 25 117 -0.00158611
0 25 118 0.0347451
0 25 119 0.0247048
0 25 120 -0.00614849
0 25 121 -0.00906292
0 25 122 0.00373921
0 25 123 0.0244301
0 25 124 0.0193032
0 25 125 -0.00497356
0 25 126 0.0296944
0 25 127 0.0252541
