0 17 0 0.0102298
0 17 1 -0.0230038
0 17 2 0.0396488
0 17 3 -0.0366757
0 17 4 0.00565218
0 17 5 -0.000481856
0 17 6 0.0181033
0 17 7 0.00235628
0 17 8 0.00269197
0 17 9 0.0206058
0 17 10 0.0213992
0 17 11 -0.000603927
0 17 12 -0.0208371
0 17 13 0.0176761
0 17 14 -0.0136044
0 17 15 0.0228031
0 17 16 0.0290286
0 17 17 -0.010217
0 17 18 0.024451
0 17 19 0.0100162
0 17 20 0.0587833
0 17 21 0.0192935
0 17 22 -0.00780608
0 17 23 0.018439
0 17 24 0.0980289
0 17 25 0.131293
0 17 26 0.136084
0 17 27 0.110724
0 17 28 0.100775
0 17 29 0.193061
0 17 30 0.206397
0 17 31 0.341559
0 17 32 0.430457
0 17 33 0.986151
0 17 34 2.50129
0 17 35 5.24515
0 17 36 7.1066
0 17 37 6.75394
0 17 38 5.05631
0 17 39 2.79545
0 17 40 1.0066
0 17 41 0.317511
0 17 42 0.114325
0 17 43 0.0301273
0 17 44 0.0387638
0 17 45 0.0297
0 17 46 0.0120914
0 17 47 0.0632694
0 17 48 -0.00441862
0 17 49 -0.0140317
0 17 50 -0.00649382
0 17 51 0.0186527
0 17 52 -0.00911833
0 17 53 0.0206058
0 17 54 -0.01983
0 17 55 -0.0591977
0 17 56 0.00684236
0 17 57 0.000403153
0 17 58 -0.0118649
0 17 59 -0.0243161
0 17 60 -0.0269406
0 17 61 -0.0213559
0 17 62 -0.0190671
0 17 63 -0.0124142
0 17 64 -0.0378964
0 17 65 0.00662874
0 17 66 -0.00191618
0 17 67 -0.00212981
0 17 68 0.0109928
0 17 69 -0.0315487
0 17 70 0.0344913
0 17 71 0.00519441
0 17 72 -0.0336239
0 17 73 0.0467594
0 17 74 0.029578
0 17 75 -0.0465329
0 17 76 -0.00145842
0 17 77 -0.00484587
0 17 78 0.0609805
0 17 79 0.04621
0 17 80 -0.0274899
0 17 81 0.0135257
0 17 82 0.0261905
0 17 83 -0.0444577
0 17 84 0.0145023
0 17 85 -0.0136044
0 17 86 -0.0497067
0 17 87 -0.010217
0 17 88 -0.010339
0 17 89 -0.0287106
0 17 90 -0.010339
0 17 91 -0.00792815
0 17 92 -0.0256283
0 17 93 0.00672029
0 17 94 0.0327518
0 17 95 -0.00509001
0 17 96 0.0228031
0 17 97 0.0278385
0 17 98 0.0145023
0 17 99 -0.0288022
0 17 100 -0.00069548
0 17 101 0.00476717
0 17 102 -0.00103117
0 17 103 -0.000909103
0 17 104 -0.0462887
0 17 105 0.000921952
0 17 106 -0.0595334
0 17 107 0.0096805
0 17 108 -0.0177548
0 17 109 0.0134036
0 17 110 -0.000909103
0 17 111 0.00510286
0 17 112 -0.0124142
0 17 113 0.018439
0 17 114 -0.0122922
0 17 115 -0.0422604
0 17 116 -0.0167782
0 17 117 -0.00179411
0 17 118 -0.00563933
0 17 119 -0.00399138
0 17 120 0.0512454
0 17 121 -0.0466244
0 17 122 0.0116641
0 17 123 0.0263126
0 17 124 0.0402896
0 17 125 -0.0156796
0 17 126 -0.0256283
0 17 127 -0.0218136
