0 3 0 -0.00401226
0 3 1 0.0927285
0 3 2 0.0144204
0 3 3 -0.0312339
0 3 4 0.104142
0 3 5 0.0323037
0 3 6 0.0147866
0 3 7 -0.00663677
0 3 8 0.0340737
0 3 9 0.0615395
0 3 10 0.0570839
0 3 11 0.0305336
0 3 12 0.0923623
0 3 13 -0.0148155
0 3 14 0.0233315
0 3 15 -0.0414268
0 3 16 0.00611958
0 3 17 0.00166401
0 3 18 0.0573281
0 3 19 -0.062667
0 3 20 -0.111068
0 3 21 -0.0362999
0 3 22 0.00404438
0 3 23 -0.0099937
0 3 24 -0.00523296
0 3 25 -0.0510093
0 3 26 0.00611958
0 3 27 0.006852
0 3 28 -0.010482
0 3 29 -0.0411827
0 3 30 -0.0759117
0 3 31 -0.0646812
0 3 32 0.0626992
0 3 33 0.0454873
0 3 34 0.0078896
0 3 35 -0.0757896
0 3 36 -0.0310508
0 3 37 -0.00950542
0 3 38 -0.0582725
0 3 39 0.0183876
0 3 40 0.00575337
0 3 41 0.0352333
0 3 42 -0.000899465
0 3 43 -0.012313
0 3 44 0.000626413
0 3 45 -0.0306846
0 3 46 0.0573281
0 3 47 0.00672993
0 3 48 -0.0144493
0 3 49 0.0647744
0 3 50 0.0139321
0 3 51 -0.0231773
0 3 52 0.012101
0 3 53 -0.00193706
0 3 54 -0.0162803
0 3 55 0.0256508
0 3 56 0.0296181
0 3 57 0.0282143
0 3 58 0.000260203
0 3 59 -0.017501
0 3 60 0.0642861
0 3 61 0.0368813
0 3 62 -0.0128013
0 3 63 -0.0524131
0 3 64 0.0517128
0 3 65 -0.0107261
0 3 66 0.0527504
0 3 67 -0.0303184
0 3 68 0.0683754
0 3 69 0.0200356
0 3 70 0.071
0 3 71 0.110795
0 3 72 0.0615395
0 3 73 -0.0175621
0 3 74 0.0301064
0 3 75 0.112443
0 3 76 0.0111245
0 3 77 0.0434121
0 3 78 0.112077
0 3 79 0.137833
0 3 80 0.0738686
0 3 81 0.165177
0 3 82 0.184403
0 3 83 0.274491
0 3 84 0.224137
0 3 85 0.18715
0 3 86 0.589433
0 3 87 1.39461
0 3 88 3.59853
0 3 89 6.52522
0 3 90 7.54634
0 3 91 6.54848
0 3 92 4.38454
0 3 93 2.0591
0 3 94 0.68068
0 3 95 0.177995
0 3 96 0.0247963
0 3 97 0.00703511
0 3 98 0.0426796
0 3 99 -0.0395347
0 3 100 -0.0200645
0 3 101 -0.0441124
0 3 102 -0.0303184
0 3 103 -0.00498882
0 3 104 -0.0480796
0 3 105 -0.0709678
0 3 106 -0.0659629
0 3 107 -0.0178062
0 3 108 0.00904926
0 3 109 0.0719155
0 3 110 -0.0180503
0 3 111 -0.0304405
0 3 112 0.0283364
0 3 113 0.0202797
0 3 114 0.036393
0 3 115 -0.0213462
0 3 116 -0.00230327
0 3 117 -0.0732261
0 3 118 -0.0472862
0 3 119 0.0522622
0 3 120 0.0247353
0 3 121 0.111039
0 3 122 0.1064
0 3 123 0.0603188
0 3 124 0.0618447
0 3 125 0.0356606
0 3 126 0.0963295
0 3 127 -0.0630333
