0 29 0 -0.000760731
0 29 1 -0.000787434
0 29 2 -0.00765389
0 29 3 0.00289375
0 29 4 0.00465995
0 29 5 0.0138572
0 29 6 -0.000730213
0 29 7 0.00939018
0 29 8 0.0039962
0 29 9 0.0059188
0 29 10 0.00112373
0 29 11 -0.00857705
0 29 12 -0.0011689
0 29 13 0.00180656
0 29 14 0.000429455
0 29 15 0.00763923
0 29 16 0.00169593
0 29 17 0.00396568
0 29 18 0.00224525
0 29 19 0.00206596
0 29 20 0.00154335
0 29 21 0.00576622
0 29 22 0.00345451
0 29 23 0.00325233
0 29 24 -0.00459069
0 29 25 0.00552589
0 29 26 0.000456157
0 29 27 0.000601116
0 29 28 0.00521309
0 29 29 -0.000436482
0 29 30 -0.00206154
0 29 31 -0.000169453
0 29 32 0.000345531
0 29 33 -0.00417488
0 29 34 -0.000276264
0 29 35 0.000212017
0 29 36 -0.000596699
0 29 37 -0.0016343
0 29 38 0.00223762
0 29 39 -0.000379261
0 29 40 -0.00697869
0 29 41 0.00646049
0 29 42 -0.00134056
0 29 43 0.00362617
0 29 44 0.00782997
0 29 45 0.0122131
0 29 46 -0.00244301
0 29 47 0.000810924
0 29 48 0.00388176
0 29 49 0.00435859
0 29 50 0.0028556
0 29 51 0.00109703
0 29 52 -0.00071114
0 29 53 0.00858146
0 29 54 0.011473
0 29 55 0.00407249
0 29 56 0.0100921
0 29 57 0.011473
0 29 58 0.00650627
0 29 59 0.00304634
0 29 60 0.00599128
0 29 61 0.00297767
0 29 62 -0.000302967
0 29 63 0.0113967
0 29 64 0.00347358
0 29 65 -0.00187081
0 29 66 0.00319511
0 29 67 0.00816185
0 29 68 0.00852424
0 29 69 0.010691
0 29 70 0.0101569
0 29 71 0.00847465
0 29 72 0.0235007
0 29 73 0.0173209
0 29 74 0.0307868
0 29 75 0.0312637
0 29 76 0.0551055
0 29 77 0.150694
0 29 78 0.345774
0 29 79 0.57419
0 29 80 0.614695
0 29 81 0.511618
0 29 82 0.324454
0 29 83 0.152304
0 29 84 0.0486205
0 29 85 0.0177673
0 29 86 0.00674278
0 29 87 0.00268394
0 29 88 0.000326458
0 29 89 -0.00353783
0 29 90 -0.00153893
0 29 91 0.0084365
0 29 92 -0.000405964
0 29 93 0.00364524
0 29 94 0.00100166
0 29 95 0.00249321
0 29 96 0.00406105
0 29 97 0.00100929
0 29 98 0.00170356
0 29 99 0.00351173
0 29 100 0.00617439
0 29 101 0.00221855
0 29 102 0.00835258
0 29 103 0.00176078
0 29 104 0.00671608
0 29 105 0.00752479
0 29 106 2.20851e-06
0 29 107 0.0103095
0 29 108 0.00503379
0 29 109 0.00216133
0 29 110 0.00505287
0 29 111 0.00854332
0 29 112 0.00642234
0 29 113 0.00841743
0 29 114 0.00316841
0 29 115 0.00344307
0 29 116 0.00154335
0 29 117 -8.55295e-05
0 29 118 -0.000425038
0 29 119 0.00372154
0 29 120 -0.00399178
0 29 121 -0.00195855
0 29 122 0.000665966
0 29 123 0.00604087
0 29 124 0.00564033
0 29 125 -4.73826e-05
0 29 126 0.00437767
0 29 127 0.00619346
