0 22 0 0.00590997
0 22 1 0.00562005
0 22 2 -0.0106763
0 22 3 -0.0121412
0 22 4 -0.0159406
0 22 5 -0.0154676
0 22 6 0.0104418
0 22 7 -0.0185956
0 22 8 0.0196887
0 22 9 0.00780206
0 22 10 0.00963311
0 22 11 0.00626092
0 22 12 0.00398736
0 22 13 -0.00846381
0 22 14 0.00201898
0 22 15 -0.0114545
0 22 16 0.00813775
0 22 17 0.00809198
0 22 18 -0.00507636
0 22 19 -0.0029859
0 22 20 0.00780206
0 22 21 0.00258355
0 22 22 -0.000925968
0 22 23 -0.00239081
0 22 24 0.0107012
0 22 25 -0.00156684
0 22 26 -0.0066175
0 22 27 -0.00294013
0 22 28 -0.0032453
0 22 29 0.0118609
0 22 30 0.0088244
0 22 31 0.00360589
0 22 32 0.0112963
0 22 33 -0.0148267
0 22 34 -0.00294013
0 22 35 0.0030108
0 22 36 -2.5699e-05
0 22 37 0.0137835
0 22 38 0.0300341
0 22 39 0.0352221
0 22 40 0.000355771
0 22 41 0.0364123
0 22 42 -0.00739569
0 22 43 -0.00910468
0 22 44 -0.00127692
0 22 45 -0.00597663
0 22 46 0.0264483
0 22 47 0.0164843
0 22 48 -0.000239322
0 22 49 -0.00704474
0 22 50 0.00937372
0 22 51 0.0055285
0 22 52 0.00227838
0 22 53 0.0130511
0 22 54 -0.000376651
0 22 55 -0.0201368
0 22 56 -0.00153632
0 22 57 0.0149889
0 22 58 0.0147296
0 22 59 0.00839715
0 22 60 0.0117236
0 22 61 0.0125933
0 22 62 -0.0173139
0 22 63 -0.0280561
0 22 64 0.0195513
0 22 65 -0.00329108
0 22 66 0.0060473
0 22 67 0.00258355
0 22 68 -0.0087995
0 22 69 0.00258355
0 22 70 -0.00922675
0 22 71 0.00322442
0 22 72 -0.00768561
0 22 73 0.0106249
0 22 74 -0.00503058
0 22 75 0.0361529
0 22 76 -0.0143995
0 22 77 0.0108386
0 22 78 -0.00730414
0 22 79 -0.0138959
0 22 80 -0.00858588
0 22 81 0.0155383
0 22 82 0.00737481
0 22 83 -0.0195875
0 22 84 0.00749688
0 22 85 0.008565
0 22 86 -0.0323286
0 22 87 -0.0103406
0 22 88 -0.00841803
0 22 89 -0.00315375
0 22 90 0.0101519
0 22 91 0.00339227
0 22 92 0.0117236
0 22 93 0.0166522
0 22 94 0.0250292
0 22 95 0.0171252
0 22 96 0.0157061
0 22 97 0.0158434
0 22 98 -0.00590033
0 22 99 0.0296984
0 22 100 0.0477496
0 22 101 0.0664416
0 22 102 0.0680743
0 22 103 0.0683642
0 22 104 0.0529681
0 22 105 0.0811968
0 22 106 0.0835162
0 22 107 0.132451
0 22 108 0.225606
0 22 109 0.531667
0 22 110 1.34289
0 22 111 2.43161
0 22 112 2.771
0 22 113 2.37507
0 22 114 1.57309
0 22 115 0.74619
0 22 116 0.244054
0 22 117 0.0716601
0 22 118 0.019475
0 22 119 9.63713e-05
0 22 120 0.00839715
0 22 121 0.0403948
0 22 122 -0.00281806
0 22 123 0.00932794
0 22 124 0.00693231
0 22 125 -0.00426764
0 22 126 0.00633722
0 22 127 0.0118151
