0 24 0 0.191962
0 24 1 0.0723029
0 24 2 -0.0191455
0 24 3 -0.245221
0 24 4 0.0793288
0 24 5 -0.203788
0 24 6 0.0730137
0 24 7 0.0922766
0 24 8 0.334056
0 24 9 0.413354
0 24 10 -0.154538
0 24 11 -0.0229151
0 24 12 -0.0930657
0 24 13 0.119651
0 24 14 0.245539
0 24 15 -0.532018
0 24 16 0.262327
0 24 17 0.00135253
0 24 18 0.0998226
0 24 19 0.127218
0 24 20 -0.303193
0 24 21 -0.0792769
0 24 22 -0.0096765
0 24 23 0.0545324
0 24 24 -0.0805107
0 24 25 0.142101
0 24 26 0.229753
0 24 27 -0.086766
0 24 28 -0.134523
0 24 29 -0.0734384
0 24 30 -0.093835
0 24 31 -0.317887
0 24 32 -0.201018
0 24 33 0.318748
0 24 34 0.0627398
0 24 35 0.251465
0 24 36 0.0722499
0 24 37 0.425025
0 24 38 0.0477166
0 24 39 -0.123551
0 24 40 -0.0792649
0 24 41 0.0951466
0 24 42 -0.282456
0 24 43 0.191125
0 24 44 0.197804
0 24 45 -0.0335639
0 24 46 0.114689
0 24 47 0.0613788
0 24 48 -0.105207
0 24 49 0.353568
0 24 50 0.215875
0 24 51 0.116209
0 24 52 -0.106533
0 24 53 -0.249552
0 24 54 0.17074
0 24 55 0.0951123
0 24 56 -0.0625954
0 24 57 0.273199
0 24 58 0.280604
0 24 59 -0.190703
0 24 60 -0.407253
0 24 61 0.0684656
0 24 62 0.0323001
0 24 63 -0.320084
0 24 64 0.117371
0 24 65 0.0437173
0 24 66 -0.264353
0 24 67 -0.0802978
0 24 68 0.0557154
0 24 69 0.0659337
0 24 70 -0.0281654
0 24 71 -0.353014
0 24 72 0.0296448
0 24 73 0.148359
0 24 74 -0.0538122
0 24 75 -0.203223
0 24 76 -0.0394745
0 24 77 0.17216
0 24 78 -0.0640295
0 24 79 -0.166134
0 24 80 -0.0192518
0 24 81 0.0292251
0 24 82 0.48113
0 24 83 0.0451465
0 24 84 0.0115009
0 24 85 0.0855981
0 24 86 0.172973
0 24 87 0.143328
0 24 88 0.182192
0 24 89 0.1111
0 24 90 -0.0912788
0 24 91 0.0297622
0 24 92 -0.20938
0 24 93 0.0370822
0 24 94 -0.105931
0 24 95 -0.00206677
0 24 96 -0.120681
0 24 97 0.0669786
0 24 98 0.0931004
0 24 99 -0.243707
0 24 100 -0.175709
0 24 101 -0.0727265
0 24 102 0.23894
0 24 103 -0.0174165
0 24 104 -0.0207446
0 24 105 0.171173
0 24 106 -0.0288004
0 24 107 -0.197759
0 24 108 0.321992
0 24 109 0.30966
0 24 110 -0.153884
0 24 111 -0.243072
0 24 112 -0.0993511
0 24 113 0.191414
0 24 114 0.188809
0 24 115 0.242739
0 24 116 -0.101537
0 24 117 -0.492122
0 24 118 0.3018
0 24 119 0.0517612
0 24 120 0.0331303
0 24 121 0.271284
0 24 122 -0.0565658
0 24 123 -0.192798
0 24 124 -0.149632
0 24 125 0.077612
0 24 126 -0.187547
0 24 127 -0.201608
0 24 128 -0.282879
0 24 129 0.000351616
0 24 130 -0.0403548
0 24 131 -0.118864
0 24 132 0.241239
0 24 133 0.253537
0 24 134 -0.0794047
0 24 135 -0.0856872
0 24 136 -0.0131903
0 24 137 -0.214701
0 24 138 0.207243
0 24 139 -0.0427596
0 24 140 0.116332
0 24 141 -0.0260667
0 24 142 0.206221
0 24 143 0.0742415
0 24 144 0.032425
0 24 145 0.387704
0 24 146 0.201902
0 24 147 -0.0458271
0 24 148 -0.333925
0 24 149 0.165702
0 24 150 0.241835
0 24 151 -0.0327595
0 24 152 0.143316
0 24 153 -0.184947
0 24 154 -0.0458099
0 24 155 0.0368508
0 24 156 -0.0350747
0 24 157 -0.117002
0 24 158 -0.116245
0 24 159 -0.241654
0 24 160 0.0411798
0 24 161 -0.261657
0 24 162 -0.0486047
0 24 163 -0.129811
0 24 164 0.115159
0 24 165 0.0826367
0 24 166 0.0588904
0 24 167 -0.179705
0 24 168 0.109933
0 24 169 -0.167002
0 24 170 0.0902131
0 24 171 -0.174356
0 24 172 -0.0116216
0 24 173 -0.0241876
0 24 174 -0.251445
0 24 175 0.0294379
0 24 176 -0.0228634
0 24 177 0.111581
0 24 178 0.0742767
0 24 179 -0.0571752
0 24 180 0.367204
0 24 181 0.223326
0 24 182 -0.216088
0 24 183 -0.12268
0 24 184 -0.286047
0 24 185 0.160663
0 24 186 -0.0830855
0 24 187 -0.0243364
0 24 188 -0.0935505
0 24 189 -0.274329
0 24 190 -0.106947
0 24 191 0.0302792
0 24 192 0.105114
0 24 193 -0.0798511
0 24 194 0.0933803
0 24 195 0.184208
0 24 196 -0.310271
0 24 197 0.176273
0 24 198 -0.0846571
0 24 199 -0.0308616
0 24 200 0.0199293
0 24 201 -0.217548
0 24 202 0.190721
0 24 203 -0.071019
0 24 204 0.0906613
0 24 205 -0.16408
0 24 206 0.265449
0 24 207 -0.445042
0 24 208 0.0131773
0 24 209 0.139376
0 24 210 0.149986
0 24 211 0.0777664
0 24 212 0.0968612
0 24 213 0.0450783
0 24 214 0.349032
0 24 215 0.0254685
0 24 216 0.246312
0 24 217 0.204655
0 24 218 0.256349
0 24 219 0.0850572
0 24 220 0.288022
0 24 221 0.333852
0 24 222 0.169062
0 24 223 0.694631
0 24 224 0.894196
0 24 225 1.29424
0 24 226 1.84893
0 24 227 1.19396
0 24 228 1.44161
0 24 229 1.12459
0 24 230 1.42624
0 24 231 1.0511
0 24 232 0.496089
0 24 233 0.365021
0 24 234 0.125227
0 24 235 0.0658369
0 24 236 -0.0738378
0 24 237 0.2591
0 24 238 0.0751844
0 24 239 0.019173
0 24 240 0.201888
0 24 241 -0.0320769
0 24 242 0.0463044
0 24 243 -0.368911
0 24 244 0.0181213
0 24 245 0.307128
0 24 246 0.0923891
0 24 247 -0.0223408
0 24 248 -0.0753628
0 24 249 0.0117104
0 24 250 -0.168909
0 24 251 -0.162383
0 24 252 0.147536
0 24 253 -0.0620573
0 24 254 0.245711
0 24 255 -0.0427035
