0 1 0 0.132079
0 1 1 -0.370192
0 1 2 0.022225
0 1 3 -0.130923
0 1 4 0.320811
0 1 5 0.00860161
0 1 6 -0.372021
0 1 7 0.219944
0 1 8 -0.47873
0 1 9 -0.211124
0 1 10 -0.0829931
0 1 11 -0.0360764
0 1 12 -0.662997
0 1 13 -0.130989
0 1 14 -0.0252047
0 1 15 0.0682848
0 1 16 -0.324354
0 1 17 0.0915794
0 1 18 -0.245687
0 1 19 -0.0562913
0 1 20 -0.0601972
0 1 21 0.0519969
0 1 22 -0.0253225
0 1 23 -0.298815
0 1 24 -0.0584692
0 1 25 -0.140788
0 1 26 -0.173682
0 1 27 0.371616
0 1 28 -0.00276457
0 1 29 0.245481
0 1 30 -0.0367727
0 1 31 -0.121114
0 1 32 0.0894496
0 1 33 -0.0771523
0 1 34 -0.248578
0 1 35 0.4021
0 1 36 -0.00206873
0 1 37 0.125332
0 1 38 0.0475737
0 1 39 -0.0621864
0 1 40 -0.0808386
0 1 41 -0.167921
0 1 42 -0.165852
0 1 43 -0.107116
0 1 44 -0.213827
0 1 45 -0.158633
0 1 46 0.0431961
0 1 47 -0.0221397
0 1 48 0.107413
0 1 49 0.088537
0 1 50 0.217272
0 1 51 0.0715906
0 1 52 0.0556358
0 1 53 -0.0775549
0 1 54 -0.0574793
0 1 55 0.340453
0 1 56 0.11599
0 1 57 -0.13588
0 1 58 -0.170438
0 1 59 -0.0349294
0 1 60 0.234526
0 1 61 0.0549423
0 1 62 -0.0685906
0 1 63 0.0454948
0 1 64 -0.288283
0 1 65 -0.0363861
0 1 66 -0.241789
0 1 67 0.101162
0 1 68 0.042247
0 1 69 0.272831
0 1 70 -0.0713514
0 1 71 -0.109657
0 1 72 -0.239203
0 1 73 0.14673
0 1 74 0.278364
0 1 75 -0.0675788
0 1 76 0.284046
0 1 77 -0.0303542
0 1 78 -0.222671
0 1 79 0.104286
0 1 80 0.154014
0 1 81 -0.0478391
0 1 82 0.0988336
0 1 83 0.278156
0 1 84 -0.281376
0 1 85 -0.0305444
0 1 86 0.173758
0 1 87 0.202242
0 1 88 -0.142368
0 1 89 -0.0222449
0 1 90 -0.0134773
0 1 91 0.0337894
0 1 92 -0.0559444
0 1 93 -0.334684
0 1 94 -0.0970539
0 1 95 -0.276616
0 1 96 -0.311845
0 1 97 0.140568
0 1 98 0.306696
0 1 99 0.289679
0 1 100 -0.126086
0 1 101 0.206361
0 1 102 -0.0490454
0 1 103 -0.0807007
0 1 104 -0.145355
0 1 105 0.066868
0 1 106 -0.0890528
0 1 107 -0.126729
0 1 108 -0.194387
0 1 109 -0.201118
0 1 110 0.197217
0 1 111 -0.0969005
0 1 112 0.202369
0 1 113 0.0127461
0 1 114 0.167747
0 1 115 -0.139256
0 1 116 -0.229528
0 1 117 -0.0260515
0 1 118 -0.0630524
0 1 119 -0.201137
0 1 120 -0.189816
0 1 121 0.0560096
0 1 122 0.194688
0 1 123 -0.392613
0 1 124 -0.187912
0 1 125 -0.307232
0 1 126 -0.118817
0 1 127 0.277216
0 1 128 0.0314276
0 1 129 0.0840231
0 1 130 -0.17016
0 1 131 0.655809
0 1 132 -0.179529
0 1 133 0.257108
0 1 134 0.064996
0 1 135 0.144136
0 1 136 -0.172233
0 1 137 0.150412
0 1 138 -0.160305
0 1 139 -0.0901303
0 1 140 0.069661
0 1 141 0.292541
0 1 142 0.0626242
0 1 143 -0.106099
0 1 144 0.0432042
0 1 145 -0.203924
0 1 146 -0.403719
0 1 147 0.000896729
0 1 148 0.0836219
0 1 149 0.49023
0 1 150 -0.105164
0 1 151 -0.0102311
0 1 152 -0.164906
0 1 153 0.155834
0 1 154 0.204037
0 1 155 -0.231311
0 1 156 0.363875
0 1 157 0.223919
0 1 158 0.0505507
0 1 159 -0.0192215
0 1 160 -0.0945086
0 1 161 -0.283945
0 1 162 -0.0562258
0 1 163 -0.118762
0 1 164 0.155978
0 1 165 -0.181393
0 1 166 -0.0262956
0 1 167 -0.112594
0 1 168 -0.0597974
0 1 169 -0.0474862
0 1 170 -0.0245064
0 1 171 -0.217036
0 1 172 0.0621484
0 1 173 -0.302361
0 1 174 0.0977659
0 1 175 -0.133102
0 1 176 0.231865
0 1 177 0.0828282
0 1 178 0.050511
0 1 179 0.246472
0 1 180 -0.0541066
0 1 181 -0.189979
0 1 182 0.156467
0 1 183 -0.0343848
0 1 184 -0.148059
0 1 185 -0.306306
0 1 186 -0.150825
0 1 187 0.132385
0 1 188 -0.189237
0 1 189 -0.221052
0 1 190 0.111855
0 1 191 -0.0271463
0 1 192 -0.371524
0 1 193 -0.152417
0 1 194 -0.198436
0 1 195 0.410168
0 1 196 0.0517514
0 1 197 0.156257
0 1 198 -0.138519
0 1 199 -0.335372
0 1 200 -0.202629
0 1 201 0.301724
0 1 202 0.0662395
0 1 203 0.130162
0 1 204 -0.0629573
0 1 205 -0.0718482
0 1 206 0.10107
0 1 207 -0.353849
0 1 208 -0.314754
0 1 209 -0.0711485
0 1 210 -0.131174
0 1 211 -0.196901
0 1 212 0.0265631
0 1 213 0.0427667
0 1 214 -0.146532
0 1 215 0.451336
0 1 216 0.0183659
0 1 217 -0.193654
0 1 218 0.0641963
0 1 219 0.0259577
0 1 220 -0.109621
0 1 221 0.127037
0 1 222 -0.128868
0 1 223 -0.322656
0 1 224 0.00527752
0 1 225 0.292813
0 1 226 -0.113007
0 1 227 -0.047769
0 1 228 -0.060542
0 1 229 -0.275289
0 1 230 0.105961
0 1 231 -0.169011
0 1 232 0.0292177
0 1 233 0.047136
0 1 234 0.0569503
0 1 235 -0.0051915
0 1 236 -0.139397
0 1 237 0.125796
0 1 238 0.0292354
0 1 239 -0.087916
0 1 240 -0.245769
0 1 241 -0.328756
0 1 242 -0.289327
0 1 243 -0.0303908
0 1 244 0.129839
0 1 245 -0.446875
0 1 246 0.0123989
0 1 247 0.0541347
0 1 248 -0.212306
0 1 249 -0.194422
0 1 250 -0.0505366
0 1 251 0.204082
0 1 252 0.306672
0 1 253 -0.351446
0 1 254 0.195757
0 1 255 -0.297523
