0 11 0 0.211811
0 11 1 -0.264521
0 11 2 -0.0014055
0 11 3 0.179828
0 11 4 -0.100808
0 11 5 -0.0766878
0 11 6 0.104877
0 11 7 -0.0313329
0 11 8 -0.115217
0 11 9 -0.131647
0 11 10 0.0405471
0 11 11 -0.0024759
0 11 12 -0.213659
0 11 13 0.0655229
0 11 14 0.0196725
0 11 15 0.0994602
0 11 16 -0.00373224
0 11 17 0.0959615
0 11 18 -0.0309314
0 11 19 0.0992412
0 11 20 -0.00495806
0 11 21 0.165956
0 11 22 0.130002
0 11 23 -0.0932792
0 11 24 -0.23522
0 11 25 -0.196653
0 11 26 0.0628394
0 11 27 -0.0367385
0 11 28 0.130055
0 11 29 -0.0855867
0 11 30 -0.0398008
0 11 31 -0.0401234
0 11 32 0.223533
0 11 33 -0.0653036
0 11 34 -0.0334091
0 11 35 0.07514
0 11 36 -0.104346
0 11 37 -0.176963
0 11 38 0.0247458
0 11 39 -0.113041
0 11 40 -0.160334
0 11 41 -0.0109305
0 11 42 -0.101511
0 11 43 -0.13873
0 11 44 0.0531129
0 11 45 0.0725742
0 11 46 -0.0628845
0 11 47 -0.0636452
0 11 48 -0.00474331
0 11 49 -0.154499
0 11 50 -0.114813
0 11 51 0.122484
0 11 52 -0.152023
0 11 53 -0.00472605
0 11 54 0.0216436
0 11 55 0.0541407
0 11 56 0.00987678
0 11 57 0.0265411
0 11 58 -0.061126
0 11 59 0.0344667
0 11 60 -0.0310082
0 11 61 -0.017107
0 11 62 -0.117949
0 11 63 -0.0744935
0 11 64 -0.0120668
0 11 65 -0.0669001
0 11 66 0.135772
0 11 67 0.0985884
0 11 68 0.0890243
0 11 69 0.0869833
0 11 70 0.0284995
0 11 71 -0.158883
0 11 72 -0.00228575
0 11 73 -0.0164027
0 11 74 0.122684
0 11 75 -0.0228796
0 11 76 -0.0976246
0 11 77 0.0547465
0 11 78 0.00597866
0 11 79 0.213987
0 11 80 -0.0579564
0 11 81 0.204736
0 11 82 -0.136282
0 11 83 -0.0676893
0 11 84 0.0528756
0 11 85 0.0579917
0 11 86 0.0585748
0 11 87 -0.0199412
0 11 88 0.164819
0 11 89 -0.0497325
0 11 90 0.119843
0 11 91 0.0722282
0 11 92 -0.15541
0 11 93 0.132798
0 11 94 -0.155742
0 11 95 0.218419
0 11 96 0.132764
0 11 97 0.0470489
0 11 98 -0.0224307
0 11 99 -0.0804298
0 11 100 -0.0937224
0 11 101 0.0467924
0 11 102 0.0595332
0 11 103 -0.105365
0 11 104 -0.0732951
0 11 105 0.0323331
0 11 106 0.145384
0 11 107 0.0477219
0 11 108 -0.205283
0 11 109 0.0062836
0 11 110 -0.0128097
0 11 111 0.00901515
0 11 112 0.0565876
0 11 113 0.162427
0 11 114 0.0540165
0 11 115 0.121205
0 11 116 0.240396
0 11 117 0.359388
0 11 118 0.117535
0 11 119 0.086796
0 11 120 -0.0212469
0 11 121 -0.0962832
0 11 122 -0.0423081
0 11 123 -0.126467
0 11 124 0.115835
0 11 125 0.0680713
0 11 126 -0.0531434
0 11 127 -0.0286263
0 11 128 0.00203423
0 11 129 -0.0497311
0 11 130 0.0126559
0 11 131 0.0144504
0 11 132 -0.0384215
0 11 133 0.120614
0 11 134 -0.0302467
0 11 135 0.0171928
0 11 136 -0.0913547
0 11 137 0.0287608
0 11 138 -0.141324
0 11 139 0.236569
0 11 140 0.0141481
0 11 141 -0.17126
0 11 142 0.0791806
0 11 143 0.10767
0 11 144 0.000640186
0 11 145 -0.137143
0 11 146 -0.123507
0 11 147 0.0076223
0 11 148 -0.0154073
0 11 149 -0.0921132
0 11 150 0.121065
0 11 151 0.213113
0 11 152 0.21089
0 11 153 -0.0381032
0 11 154 -0.0754478
0 11 155 -0.130523
0 11 156 0.109248
0 11 157 0.130121
0 11 158 -0.032916
0 11 159 -0.0370182
0 11 160 0.156164
0 11 161 -0.043924
0 11 162 -0.027671
0 11 163 -0.0205569
0 11 164 0.0185311
0 11 165 0.0978883
0 11 166 -0.0590823
0 11 167 0.0504273
0 11 168 0.0303256
0 11 169 -0.144108
0 11 170 -0.112131
0 11 171 0.159333
0 11 172 0.00885348
0 11 173 0.103627
0 11 174 0.12974
0 11 175 0.0167978
0 11 176 0.140472
0 11 177 -0.0149393
0 11 178 0.0722247
0 11 179 0.235341
0 11 180 -0.0354071
0 11 181 0.216953
0 11 182 0.128123
0 11 183 -0.0390755
0 11 184 -0.22234
0 11 185 0.165515
0 11 186 -0.042813
0 11 187 0.141335
0 11 188 -0.0726623
0 11 189 -0.0406509
0 11 190 -0.192519
0 11 191 -0.0848344
0 11 192 -0.235095
0 11 193 -0.120259
0 11 194 -0.0697261
0 11 195 -0.143899
0 11 196 0.0504522
0 11 197 0.0801227
0 11 198 -0.0534342
0 11 199 -0.0697713
0 11 200 0.0598618
0 11 201 -0.0904232
0 11 202 0.0951388
0 11 203 -0.0213214
0 11 204 -0.192969
0 11 205 0.0663909
0 11 206 0.205478
0 11 207 0.120721
0 11 208 -0.0607134
0 11 209 -0.0247635
0 11 210 0.133103
0 11 211 0.0011658
0 11 212 -0.15576
0 11 213 -0.0855129
0 11 214 -0.00340943
0 11 215 -0.0779357
0 11 216 -0.170122
0 11 217 0.0170688
0 11 218 -0.0978972
0 11 219 0.150894
0 11 220 -0.084335
0 11 221 -0.298517
0 11 222 -0.0270625
0 11 223 0.108962
0 11 224 0.134309
0 11 225 0.0772557
0 11 226 -0.073723
0 11 227 -0.147408
0 11 228 0.0584646
0 11 229 -0.0264947
0 11 230 -0.0486668
0 11 231 -0.0996574
0 11 232 0.0560322
0 11 233 0.151173
0 11 234 -0.169611
0 11 235 -0.118744
0 11 236 0.166033
0 11 237 -0.0115993
0 11 238 0.36331
0 11 239 0.0853867
0 11 240 0.175576
0 11 241 0.00411645
0 11 242 0.0559696
0 11 243 0.130418
0 11 244 -0.00575738
0 11 245 0.157864
0 11 246 0.552922
0 11 247 0.814356
0 11 248 0.950589
0 11 249 0.853852
0 11 250 0.734095
0 11 251 1.01097
0 11 252 0.856368
0 11 253 0.561542
0 11 254 0.2606
0 11 255 0.0272823
