0 9 0 -0.0584086
0 9 1 0.0220591
0 9 2 0.137073
0 9 3 -0.0827648
0 9 4 -0.0980001
0 9 5 0.0333417
0 9 6 0.113616
0 9 7 -0.0309771
0 9 8 0.0329524
0 9 9 0.00343417
0 9 10 -0.0485858
0 9 11 -0.0414284
0 9 12 0.0826639
0 9 13 -0.142118
0 9 14 0.0287069
0 9 15 -0.0850756
0 9 16 -0.0308194
0 9 17 -0.128166
0 9 18 0.0116613
0 9 19 -0.0361894
0 9 20 -0.0663731
0 9 21 -0.0223058
0 9 22 0.0741097
0 9 23 0.0246205
0 9 24 -0.0186834
0 9 25 0.0806913
0 9 26 -0.112426
0 9 27 -0.154544
0 9 28 0.13569
0 9 29 0.0969589
0 9 30 0.00621543
0 9 31 0.160955
0 9 32 0.139323
0 9 33 0.135979
0 9 34 0.0208462
0 9 35 -0.17461
0 9 36 0.118163
0 9 37 0.00384945
0 9 38 0.0236225
0 9 39 -0.15094
0 9 40 0.1115
0 9 41 0.121769
0 9 42 -0.0550037
0 9 43 -0.0796082
0 9 44 0.0744453
0 9 45 -0.113694
0 9 46 -0.0369998
0 9 47 0.0569302
0 9 48 0.0696693
0 9 49 0.241549
0 9 50 0.0819961
0 9 51 0.124205
0 9 52 -0.0480826
0 9 53 0.0190554
0 9 54 0.0343491
0 9 55 0.122997
0 9 56 0.106947
0 9 57 -0.103171
0 9 58 0.0132393
0 9 59 -0.10455
0 9 60 -0.0223325
0 9 61 -0.015308
0 9 62 0.0921767
0 9 63 0.162527
0 9 64 0.110184
0 9 65 -0.0340782
0 9 66 0.102679
0 9 67 0.267194
0 9 68 0.237323
0 9 69 0.226849
0 9 70 0.262838
0 9 71 0.159656
0 9 72 0.136438
0 9 73 0.207696
0 9 74 0.193346
0 9 75 0.0757442
0 9 76 0.237827
0 9 77 0.214489
0 9 78 0.0228737
0 9 79 0.123321
0 9 80 0.313221
0 9 81 0.352431
0 9 82 0.338215
0 9 83 0.461156
0 9 84 0.42522
0 9 85 0.764921
0 9 86 1.00625
0 9 87 1.71064
0 9 88 2.70399
0 9 89 4.29177
0 9 90 5.78929
0 9 91 6.47918
0 9 92 5.8974
0 9 93 5.23105
0 9 94 4.99703
0 9 95 4.16942
0 9 96 3.0129
0 9 97 2.06258
0 9 98 1.21272
0 9 99 0.663888
0 9 100 0.509091
0 9 101 0.250457
0 9 102 0.251398
0 9 103 0.269061
0 9 104 0.0145989
0 9 105 0.1011
0 9 106 0.0377699
0 9 107 -0.0788026
0 9 108 -0.0188757
0 9 109 -0.0275052
0 9 110 0.0870711
0 9 111 -0.0543578
0 9 112 0.0592942
0 9 113 0.103431
0 9 114 0.0272751
0 9 115 0.0713978
0 9 116 -0.0955665
0 9 117 0.00904963
0 9 118 0.142971
0 9 119 0.0890927
0 9 120 -0.0910793
0 9 121 0.00959364
0 9 122 0.0666871
0 9 123 0.0536488
0 9 124 -0.0834888
0 9 125 -0.0745667
0 9 126 -0.0215173
0 9 127 0.140266
0 9 128 0.0852377
0 9 129 0.018503
0 9 130 -0.0725848
0 9 131 0.121401
0 9 132 0.114509
0 9 133 -0.0619593
0 9 134 0.0456936
0 9 135 0.0439717
0 9 136 -0.0173263
0 9 137 -0.00231303
0 9 138 0.0359923
0 9 139 -0.00945343
0 9 140 -0.0715623
0 9 141 -0.00168674
0 9 142 0.207374
0 9 143 0.130061
0 9 144 0.0891339
0 9 145 0.0287478
0 9 146 -0.0739974
0 9 147 0.051912
0 9 148 -0.0659993
0 9 149 -0.0615725
0 9 150 -0.0468957
0 9 151 0.051886
0 9 152 -0.0596762
0 9 153 -0.118541
0 9 154 0.0699085
0 9 155 -0.00238075
0 9 156 -0.0506899
0 9 157 0.18949
0 9 158 -0.109068
0 9 159 0.00677926
0 9 160 -0.100251
0 9 161 0.128615
0 9 162 -0.00384781
0 9 163 -0.116496
0 9 164 0.201157
0 9 165 0.124591
0 9 166 -0.0645406
0 9 167 0.17402
0 9 168 -0.0430828
0 9 169 -0.0449896
0 9 170 0.108009
0 9 171 -0.0425751
0 9 172 -0.0589586
0 9 173 -0.0462659
0 9 174 0.119955
0 9 175 0.0813474
0 9 176 -0.102058
0 9 177 -0.0770867
0 9 178 0.102064
0 9 179 0.11041
0 9 180 -0.0400092
0 9 181 0.00205666
0 9 182 -0.118152
0 9 183 -0.161935
0 9 184 0.0358984
0 9 185 0.0251206
0 9 186 0.0438306
0 9 187 -0.0250774
0 9 188 -0.0213697
0 9 189 -0.0462867
0 9 190 0.10577
0 9 191 -0.134425
0 9 192 0.0276024
0 9 193 -0.0852045
0 9 194 0.12415
0 9 195 0.300731
0 9 196 0.0283528
0 9 197 0.0428531
0 9 198 0.0317278
0 9 199 0.0712802
0 9 200 -0.0124913
0 9 201 0.123113
0 9 202 0.0917972
0 9 203 0.00786732
0 9 204 -0.0504383
0 9 205 0.208382
0 9 206 0.0277622
0 9 207 0.0813955
0 9 208 -0.14052
0 9 209 0.0531265
0 9 210 -0.071964
0 9 211 0.0518189
0 9 212 -0.222665
0 9 213 0.0370396
0 9 214 0.00151197
0 9 215 0.103419
0 9 216 -0.039085
0 9 217 0.0199465
0 9 218 -0.0478255
0 9 219 -0.0505285
0 9 220 0.113202
0 9 221 -0.162404
0 9 222 0.0201889
0 9 223 0.116959
0 9 224 0.0772867
0 9 225 0.139277
0 9 226 0.157201
0 9 227 -0.0325368
0 9 228 0.26096
0 9 229 0.108583
0 9 230 0.0700797
0 9 231 0.186002
0 9 232 -0.0274885
0 9 233 0.102449
0 9 234 0.198677
0 9 235 0.224985
0 9 236 -0.160893
0 9 237 0.0918362
0 9 238 0.0446912
0 9 239 0.0991179
0 9 240 0.122413
0 9 241 -0.00189836
0 9 242 -0.0168969
0 9 243 -0.0312063
0 9 244 -0.0887036
0 9 245 -0.0856493
0 9 246 0.0545799
0 9 247 -0.0203955
0 9 248 -0.0495964
0 9 249 -0.111186
0 9 250 -0.0242646
0 9 251 0.132753
0 9 252 -0.117259
0 9 253 -0.0166521
0 9 254 -0.0395408
0 9 255 -0.0735132
