0 30 0 0.061497
0 30 1 -0.0931428
0 30 2 -0.0122332
0 30 3 -0.0271028
0 30 4 0.0868636
0 30 5 -0.0819223
0 30 6 -0.107611
0 30 7 -0.0213883
0 30 8 0.0854886
0 30 9 0.158223
0 30 10 0.0744055
0 30 11 -0.0343944
0 30 12 0.046536
0 30 13 0.076767
0 30 14 0.0496069
0 30 15 0.0968921
0 30 16 -0.00494625
0 30 17 3.17863e-05
0 30 18 -0.00348622
0 30 19 -0.00525573
0 30 20 0.0880484
0 30 21 0.172873
0 30 22 -0.0162831
0 30 23 -0.0692011
0 30 24 0.0594982
0 30 25 0.0395688
0 30 26 0.180454
0 30 27 0.0665047
0 30 28 -0.0631431
0 30 29 -0.00383741
0 30 30 -0.0831161
0 30 31 0.0798708
0 30 32 -0.124589
0 30 33 0.0612638
0 30 34 0.0287776
0 30 35 -0.117785
0 30 36 -0.037071
0 30 37 0.137923
0 30 38 0.106932
0 30 39 -0.00864609
0 30 40 0.121242
0 30 41 -0.0655743
0 30 42 0.100262
0 30 43 0.0409281
0 30 44 0.163186
0 30 45 0.2018
0 30 46 0.185035
0 30 47 -0.0374012
0 30 48 0.113404
0 30 49 -0.00737422
0 30 50 0.0795053
0 30 51 -0.0716868
0 30 52 0.17652
0 30 53 0.278392
0 30 54 0.28834
0 30 55 0.301387
0 30 56 0.55327
0 30 57 1.13073
0 30 58 1.55561
0 30 59 1.68153
0 30 60 1.37958
0 30 61 1.35466
0 30 62 1.26544
0 30 63 0.777274
0 30 64 0.927007
0 30 65 0.453751
0 30 66 0.310426
0 30 67 0.183466
0 30 68 0.124511
0 30 69 0.0743693
0 30 70 0.0382663
0 30 71 -0.0498577
0 30 72 0.180294
0 30 73 0.0548927
0 30 74 0.153643
0 30 75 0.0326126
0 30 76 -0.0653887
0 30 77 0.115107
0 30 78 -0.0889041
0 30 79 0.0483789
0 30 80 0.103502
0 30 81 -0.014854
0 30 82 -0.0558904
0 30 83 0.170211
0 30 84 -0.0239403
0 30 85 0.0107027
0 30 86 -0.08575
0 30 87 0.0544455
0 30 88 -0.182917
0 30 89 -0.0964338
0 30 90 -0.0706732
0 30 91 0.0947252
0 30 92 0.219169
0 30 93 -0.116284
0 30 94 0.0255539
0 30 95 -0.150741
0 30 96 0.080788
0 30 97 -0.120683
0 30 98 -0.0135203
0 30 99 0.103392
0 30 100 -0.050175
0 30 101 0.00930845
0 30 102 -0.0606762
0 30 103 0.059397
0 30 104 -0.0249642
0 30 105 0.107815
0 30 106 -0.0398849
0 30 107 -0.142209
0 30 108 -0.010784
0 30 109 -0.0261722
0 30 110 -0.0437078
0 30 111 0.110246
0 30 112 0.0776687
0 30 113 0.0595727
0 30 114 0.0569938
0 30 115 0.00766711
0 30 116 0.101479
0 30 117 0.0283497
0 30 118 -0.0492194
0 30 119 0.150869
0 30 120 0.0653254
0 30 121 -0.0511608
0 30 122 -0.0482302
0 30 123 0.117511
0 30 124 0.114286
0 30 125 -0.136297
0 30 126 0.105546
0 30 127 -0.0468386
0 30 128 -0.0371283
0 30 129 0.0574824
0 30 130 -0.10055
0 30 131 0.0817246
0 30 132 -0.00156826
0 30 133 0.0280113
0 30 134 -0.00981131
0 30 135 -0.0378168
0 30 136 0.0422484
0 30 137 -0.106367
0 30 138 0.0868127
0 30 139 -0.0100975
0 30 140 0.103924
0 30 141 -0.0459483
0 30 142 0.0222025
0 30 143 -0.0640919
0 30 144 -0.101532
0 30 145 -0.106556
0 30 146 0.0249268
0 30 147 -0.0531219
0 30 148 0.0924714
0 30 149 0.114029
0 30 150 0.00241702
0 30 151 0.0556773
0 30 152 0.0471619
0 30 153 -0.0196479
0 30 154 0.0362194
0 30 155 -0.0850254
0 30 156 -0.0320385
0 30 157 -0.00926722
0 30 158 0.0657698
0 30 159 0.0428449
0 30 160 0.0372419
0 30 161 0.0227935
0 30 162 0.0110964
0 30 163 -0.0331967
0 30 164 -0.0383858
0 30 165 0.0709289
0 30 166 -0.117934
0 30 167 0.084706
0 30 168 0.0177976
0 30 169 0.00263794
0 30 170 0.0783376
0 30 171 -0.0255501
0 30 172 0.0525084
0 30 173 -0.0372184
0 30 174 0.0416115
0 30 175 -0.109588
0 30 176 -0.171144
0 30 177 0.100535
0 30 178 -0.0733106
0 30 179 0.0587332
0 30 180 -0.105145
0 30 181 0.138728
0 30 182 -0.159041
0 30 183 0.148389
0 30 184 0.133229
0 30 185 0.0268561
0 30 186 0.00867186
0 30 187 0.00787253
0 30 188 -0.0710974
0 30 189 0.0697861
0 30 190 0.00158195
0 30 191 -0.0473843
0 30 192 -0.10517
0 30 193 -0.187741
0 30 194 -0.0655418
0 30 195 -0.0800455
0 30 196 -0.146368
0 30 197 -0.200122
0 30 198 0.0553806
0 30 199 -0.0814825
0 30 200 -0.00451682
0 30 201 0.0365372
0 30 202 0.153667
0 30 203 -0.0534033
0 30 204 -0.0733642
0 30 205 0.0746825
0 30 206 0.00114495
0 30 207 -0.048262
0 30 208 -0.00595927
0 30 209 -0.077165
0 30 210 -0.057251
0 30 211 -0.12319
0 30 212 -0.0727311
0 30 213 -0.0979214
0 30 214 -0.0557064
0 30 215 0.262299
0 30 216 0.0091114
0 30 217 -0.0545388
0 30 218 0.0646893
0 30 219 -0.0663294
0 30 220 -0.128957
0 30 221 -0.0191983
0 30 222 -0.161286
0 30 223 -0.00457286
0 30 224 -0.0519201
0 30 225 0.0459412
0 30 226 0.0584674
0 30 227 -0.113312
0 30 228 -0.128871
0 30 229 0.0896441
0 30 230 0.0131146
0 30 231 0.062751
0 30 232 0.096455
0 30 233 -0.0760308
0 30 234 -0.0624939
0 30 235 -0.0224048
0 30 236 -0.0324376
0 30 237 0.0116875
0 30 238 -0.0253827
0 30 239 -0.138645
0 30 240 0.0537303
0 30 241 0.047139
0 30 242 -0.0606744
0 30 243 -0.15275
0 30 244 -0.00865035
0 30 245 -0.0468817
0 30 246 0.0186115
0 30 247 -0.00214368
0 30 248 0.0561019
0 30 249 0.0400539
0 30 250 0.0053098
0 30 251 -0.056993
0 30 252 -0.14398
0 30 253 0.101137
0 30 254 -0.00270577
0 30 255 0.0295112
