0 19 0 0.117822
0 19 1 0.0480764
0 19 2 0.120445
0 19 3 -0.256223
0 19 4 -0.0525543
0 19 5 -0.15894
0 19 6 -0.219537
0 19 7 0.241907
0 19 8 -0.0856319
0 19 9 -0.055597
0 19 10 0.00441168
0 19 11 0.121221
0 19 12 -0.00734963
0 19 13 -0.22287
0 19 14 -0.174205
0 19 15 -0.256221
0 19 16 -0.0192848
0 19 17 -0.187715
0 19 18 -0.195086
0 19 19 0.0209331
0 19 20 0.219718
0 19 21 0.0453068
0 19 22 -0.274381
0 19 23 -0.0441414
0 19 24 -0.0177489
0 19 25 0.21893
0 19 26 -0.0305404
0 19 27 0.169704
0 19 28 0.0556199
0 19 29 -0.210782
0 19 30 0.154383
0 19 31 0.103342
0 19 32 0.0831267
0 19 33 0.337409
0 19 34 -0.0667308
0 19 35 0.101264
0 19 36 0.15336
0 19 37 0.220963
0 19 38 0.103345
0 19 39 0.309852
0 19 40 0.226889
0 19 41 -0.0273088
0 19 42 0.0382113
0 19 43 0.142384
0 19 44 0.0881944
0 19 45 -0.148362
0 19 46 0.139616
0 19 47 0.02605
0 19 48 0.251574
0 19 49 -0.0167147
0 19 50 0.0977082
0 19 51 -0.0429799
0 19 52 0.229995
0 19 53 0.0219097
0 19 54 -0.0953176
0 19 55 -0.193865
0 19 56 -0.14421
0 19 57 0.432855
0 19 58 0.152109
0 19 59 0.204332
0 19 60 0.0411326
0 19 61 0.289021
0 19 62 0.298662
0 19 63 0.174622
0 19 64 0.181919
0 19 65 0.25478
0 19 66 -0.0771238
0 19 67 -0.0338981
0 19 68 0.30104
0 19 69 0.25604
0 19 70 -0.19153
0 19 71 0.123432
0 19 72 0.0112165
0 19 73 0.136098
0 19 74 0.229507
0 19 75 0.279691
0 19 76 0.614661
0 19 77 0.501884
0 19 78 0.741726
0 19 79 1.28574
0 19 80 1.88215
0 19 81 2.82537
0 19 82 3.60895
0 19 83 3.98955
0 19 84 3.62677
0 19 85 3.34305
0 19 86 3.13765
0 19 87 2.53241
0 19 88 1.84195
0 19 89 1.39247
0 19 90 0.878694
0 19 91 0.527352
0 19 92 0.24969
0 19 93 0.424758
0 19 94 0.0945822
0 19 95 -0.0294881
0 19 96 0.0815992
0 19 97 0.239691
0 19 98 0.171349
0 19 99 -0.15319
0 19 100 0.142346
0 19 101 -0.215455
0 19 102 -0.0511492
0 19 103 -0.0112261
0 19 104 -0.141514
0 19 105 -0.0182876
0 19 106 0.174894
0 19 107 0.0314604
0 19 108 -0.150934
0 19 109 -0.342267
0 19 110 -0.215154
0 19 111 -0.142326
0 19 112 -0.180886
0 19 113 0.03221
0 19 114 -0.00135968
0 19 115 -0.0270126
0 19 116 0.188793
0 19 117 -0.226433
0 19 118 -0.0661395
0 19 119 0.088743
0 19 120 -0.0591122
0 19 121 -0.0592869
0 19 122 0.0718744
0 19 123 -0.184817
0 19 124 -0.14031
0 19 125 -0.15991
0 19 126 -0.112319
0 19 127 0.0811267
0 19 128 0.183139
0 19 129 -0.0510957
0 19 130 -0.0185606
0 19 131 0.167286
0 19 132 0.0469558
0 19 133 0.0548177
0 19 134 0.0150801
0 19 135 0.0364291
0 19 136 0.0243404
0 19 137 0.125397
0 19 138 0.101431
0 19 139 -0.0642539
0 19 140 -0.0232691
0 19 141 0.231724
0 19 142 0.189673
0 19 143 0.00918918
0 19 144 0.0504343
0 19 145 -0.0412188
0 19 146 0.0854559
0 19 147 0.229614
0 19 148 0.0505544
0 19 149 0.0571623
0 19 150 -0.0587605
0 19 151 0.0656812
0 19 152 0.0226539
0 19 153 0.206178
0 19 154 0.109293
0 19 155 0.122605
0 19 156 0.0748308
0 19 157 -0.221227
0 19 158 0.12775
0 19 159 -0.136943
0 19 160 0.0279925
0 19 161 -0.0787501
0 19 162 -0.0956187
0 19 163 0.125695
0 19 164 0.11469
0 19 165 0.189363
0 19 166 -0.0929753
0 19 167 0.341859
0 19 168 0.0397318
0 19 169 0.0329331
0 19 170 0.0828855
0 19 171 -0.0644374
0 19 172 -0.0730904
0 19 173 -0.140993
0 19 174 -0.030795
0 19 175 -0.169922
0 19 176 -0.00972054
0 19 177 0.233011
0 19 178 -0.149127
0 19 179 0.247573
0 19 180 0.0383816
0 19 181 -0.080406
0 19 182 -0.0924754
0 19 183 -0.100376
0 19 184 0.132082
0 19 185 0.193864
0 19 186 0.0216755
0 19 187 -0.0297617
0 19 188 0.123065
0 19 189 -0.0549505
0 19 190 -0.273457
0 19 191 0.174816
0 19 192 0.0856367
0 19 193 0.0748839
0 19 194 -0.211434
0 19 195 0.153653
0 19 196 -0.183257
0 19 197 -0.181507
0 19 198 0.00025976
0 19 199 -0.321875
0 19 200 0.0145336
0 19 201 0.00946371
0 19 202 0.0782016
0 19 203 -0.0167013
0 19 204 0.0554096
0 19 205 0.00778372
0 19 206 -0.118671
0 19 207 0.129857
0 19 208 -0.255684
0 19 209 -0.21216
0 19 210 -0.0791093
0 19 211 0.153833
0 19 212 -0.0838425
0 19 213 -0.0835823
0 19 214 -0.0623752
0 19 215 0.090855
0 19 216 0.0925467
0 19 217 0.212413
0 19 218 -0.0275783
0 19 219 -0.0889548
0 19 220 -0.0324156
0 19 221 -0.443045
0 19 222 0.149901
0 19 223 0.158376
0 19 224 0.187407
0 19 225 0.195568
0 19 226 0.072537
0 19 227 -0.138465
0 19 228 -0.26272
0 19 229 -0.0547836
0 19 230 -0.0698963
0 19 231 0.235648
0 19 232 -0.189477
0 19 233 -0.0841652
0 19 234 0.0412091
0 19 235 -0.129191
0 19 236 -0.0574522
0 19 237 -0.0786381
0 19 238 -0.0678583
0 19 239 0.0868686
0 19 240 0.0445726
0 19 241 -0.00481527
0 19 242 -0.0310993
0 19 243 0.103679
0 19 244 -0.0669775
0 19 245 -0.0230999
0 19 246 0.0619292
0 19 247 0.101925
0 19 248 -0.00875155
0 19 249 -0.0286548
0 19 250 0.0258515
0 19 251 -0.144034
0 19 252 -0.0537837
0 19 253 -0.0366406
0 19 254 0.0309821
0 19 255 -0.128047
