0 15 0 -0.0832753
0 15 1 0.0726974
0 15 2 0.0335492
0 15 3 -0.141761
0 15 4 0.239326
0 15 5 0.0403668
0 15 6 0.07369
0 15 7 0.0286054
0 15 8 0.128704
0 15 9 0.109308
0 15 10 0.153099
0 15 11 0.10514
0 15 12 -0.120554
0 15 13 0.214198
0 15 14 -0.0391512
0 15 15 0.0274387
0 15 16 0.201734
0 15 17 0.255936
0 15 18 0.254676
0 15 19 0.204492
0 15 20 0.511914
0 15 21 0.991234
0 15 22 1.28448
0 15 23 1.08237
0 15 24 1.01276
0 15 25 0.996216
0 15 26 0.679729
0 15 27 0.743157
0 15 28 0.599213
0 15 29 0.275857
0 15 30 0.0708872
0 15 31 0.121774
0 15 32 0.127924
0 15 33 0.0259165
0 15 34 -0.174658
0 15 35 -0.168991
0 15 36 -0.00645258
0 15 37 0.26627
0 15 38 -0.081942
0 15 39 -0.233652
0 15 40 0.197825
0 15 41 0.139207
0 15 42 0.178994
0 15 43 -0.0176151
0 15 44 0.13486
0 15 45 0.227822
0 15 46 -0.036574
0 15 47 0.00772169
0 15 48 0.196036
0 15 49 0.143371
0 15 50 0.410328
0 15 51 0.177375
0 15 52 -0.0873298
0 15 53 -0.120313
0 15 54 -0.0232237
0 15 55 0.0146088
0 15 56 0.0377629
0 15 57 -0.161786
0 15 58 0.0541315
0 15 59 -0.00425468
0 15 60 0.0195512
0 15 61 0.00711285
0 15 62 0.176185
0 15 63 0.0827039
0 15 64 0.112132
0 15 65 0.0979919
0 15 66 -0.0694935
0 15 67 -0.0702467
0 15 68 0.308729
0 15 69 -0.00691059
0 15 70 -0.0143648
0 15 71 -0.0376365
0 15 72 0.209809
0 15 73 -0.104728
0 15 74 -0.199382
0 15 75 -0.0744975
0 15 76 0.104761
0 15 77 0.0580195
0 15 78 0.0187672
0 15 79 0.224094
0 15 80 0.0231106
0 15 81 0.0897729
0 15 82 -0.223146
0 15 83 -0.0625341
0 15 84 -0.143573
0 15 85 -0.175017
0 15 86 -0.140103
0 15 87 0.159889
0 15 88 -0.0887201
0 15 89 -0.143971
0 15 90 0.326744
0 15 91 -0.0493344
0 15 92 -0.0228493
0 15 93 0.146817
0 15 94 -0.101974
0 15 95 0.199643
0 15 96 0.150639
0 15 97 0.0115108
0 15 98 0.19717
0 15 99 0.189983
0 15 100 0.231657
0 15 101 0.0680287
0 15 102 -0.0343488
0 15 103 -0.0721682
0 15 104 -0.144069
0 15 105 0.0754925
0 15 106 0.0456062
0 15 107 -0.00239721
0 15 108 -0.0520177
0 15 109 0.192804
0 15 110 -0.172964
0 15 111 -0.196688
0 15 112 0.144664
0 15 113 -0.214796
0 15 114 0.0599646
0 15 115 0.0016636
0 15 116 -0.0562638
0 15 117 -0.135342
0 15 118 -0.022198
0 15 119 -0.13424
0 15 120 0.0628688
0 15 121 0.249006
0 15 122 0.00495239
0 15 123 -0.0257611
0 15 124 0.17029
0 15 125 0.0855479
0 15 126 -0.0490428
0 15 127 0.0606555
0 15 128 0.0520904
0 15 129 -0.124887
0 15 130 -0.0200013
0 15 131 -0.121214
0 15 132 -0.0450969
0 15 133 0.152845
0 15 134 0.0732707
0 15 135 0.184789
0 15 136 0.133754
0 15 137 -0.0288582
0 15 138 0.0515554
0 15 139 -0.0456169
0 15 140 -0.0136335
0 15 141 0.280113
0 15 142 0.14321
0 15 143 -0.0698703
0 15 144 -0.00520944
0 15 145 -0.0469889
0 15 146 0.0980173
0 15 147 0.0610322
0 15 148 0.164891
0 15 149 -0.152273
0 15 150 -0.0258053
0 15 151 0.0123729
0 15 152 0.102744
0 15 153 -0.0150293
0 15 154 0.0221243
0 15 155 0.0762504
0 15 156 -0.0501454
0 15 157 0.495273
0 15 158 -0.0390385
0 15 159 0.117325
0 15 160 0.0879857
0 15 161 0.00196379
0 15 162 0.0442968
0 15 163 -0.110744
0 15 164 0.120042
0 15 165 -0.162214
0 15 166 0.161106
0 15 167 0.0588731
0 15 168 0.0375212
0 15 169 0.0123922
0 15 170 0.157477
0 15 171 0.0851141
0 15 172 -0.197608
0 15 173 0.179601
0 15 174 -0.01023
0 15 175 0.0924854
0 15 176 -0.0222956
0 15 177 0.220268
0 15 178 0.115
0 15 179 -0.110623
0 15 180 0.285616
0 15 181 0.00852557
0 15 182 0.0764198
0 15 183 -0.0983341
0 15 184 -0.193946
0 15 185 0.0653932
0 15 186 0.012231
0 15 187 0.0632041
0 15 188 0.100961
0 15 189 -0.33061
0 15 190 0.183496
0 15 191 0.142146
0 15 192 -0.0327168
0 15 193 -0.0482139
0 15 194 0.12179
0 15 195 -0.146532
0 15 196 0.0327953
0 15 197 0.138089
0 15 198 0.0941564
0 15 199 -0.0338497
0 15 200 0.0145177
0 15 201 -0.199145
0 15 202 -0.0217203
0 15 203 -0.0705807
0 15 204 0.473354
0 15 205 0.0502937
0 15 206 -0.119165
0 15 207 0.101412
0 15 208 -0.109122
0 15 209 0.180726
0 15 210 -0.118198
0 15 211 0.00754886
0 15 212 0.0380813
0 15 213 -0.0370858
0 15 214 -0.0477768
0 15 215 0.0702735
0 15 216 0.132277
0 15 217 0.2361
0 15 218 -0.0921296
0 15 219 -0.308281
0 15 220 -0.00189701
0 15 221 -0.0541867
0 15 222 0.0710718
0 15 223 -0.101612
0 15 224 -0.0748182
0 15 225 -0.0426597
0 15 226 -0.218807
0 15 227 -0.216917
0 15 228 -0.0797855
0 15 229 -0.0986505
0 15 230 0.0206839
0 15 231 0.344515
0 15 232 0.0341633
0 15 233 -0.0239695
0 15 234 -0.0387928
0 15 235 -0.0995001
0 15 236 0.225929
0 15 237 0.00856189
0 15 238 -0.229765
0 15 239 -0.131374
0 15 240 -0.0128315
0 15 241 -0.00851576
0 15 242 0.190838
0 15 243 -0.0329432
0 15 244 0.0801942
0 15 245 0.230776
0 15 246 0.281055
0 15 247 -0.155416
0 15 248 0.02761
0 15 249 -0.0737189
0 15 250 0.0992427
0 15 251 0.0841838
0 15 252 0.117323
0 15 253 0.19791
0 15 254 -0.0677743
0 15 255 -0.0178915
