0 20 0 0.0231423
0 20 1 -0.0752426
0 20 2 0.114709
0 20 3 0.204496
0 20 4 0.0392014
0 20 5 0.249214
0 20 6 0.0418608
0 20 7 0.179473
0 20 8 0.315074
0 20 9 -0.104146
0 20 10 0.112423
0 20 11 0.0244169
0 20 12 0.120067
0 20 13 0.119704
0 20 14 -0.133613
0 20 15 0.0270808
0 20 16 0.181043
0 20 17 0.115742
0 20 18 0.0192482
0 20 19 0.0732436
0 20 20 0.112022
0 20 21 0.357394
0 20 22 -0.118745
0 20 23 0.235518
0 20 24 -0.18957
0 20 25 -0.111317
0 20 26 -0.133255
0 20 27 -0.0896844
0 20 28 0.0503717
0 20 29 0.166363
0 20 30 0.308636
0 20 31 -0.16036
0 20 32 0.131867
0 20 33 0.10629
0 20 34 0.216842
0 20 35 -0.00444734
0 20 36 0.210356
0 20 37 0.0782684
0 20 38 0.106622
0 20 39 -0.152792
0 20 40 0.0487722
0 20 41 -0.0110796
0 20 42 0.111708
0 20 43 -0.0344399
0 20 44 -0.256009
0 20 45 -0.063892
0 20 46 -0.178325
0 20 47 0.0237262
0 20 48 0.234085
0 20 49 0.0309672
0 20 50 -0.0643367
0 20 51 -0.0116588
0 20 52 0.00447587
0 20 53 0.0895928
0 20 54 0.0102805
0 20 55 -0.110324
0 20 56 0.0471143
0 20 57 0.05037
0 20 58 -0.330456
0 20 59 -0.103243
0 20 60 -0.123878
0 20 61 -0.0655049
0 20 62 0.393467
0 20 63 0.23632
0 20 64 -0.076647
0 20 65 -0.0749141
0 20 66 -0.116932
0 20 67 0.160943
0 20 68 -0.0526271
0 20 69 0.142842
0 20 70 -0.206913
0 20 71 0.0325701
0 20 72 0.0726988
0 20 73 0.0097137
0 20 74 0.17196
0 20 75 0.103893
0 20 76 0.260945
0 20 77 -0.000924628
0 20 78 -0.0559359
0 20 79 -0.0799432
0 20 80 -0.0696221
0 20 81 -0.123906
0 20 82 0.137078
0 20 83 0.131397
0 20 84 0.129805
0 20 85 0.4068
0 20 86 0.174506
0 20 87 0.168412
0 20 88 0.393539
0 20 89 0.197499
0 20 90 -0.066733
0 20 91 0.212271
0 20 92 -0.0384941
0 20 93 -0.322865
0 20 94 0.11136
0 20 95 0.257046
0 20 96 0.281686
0 20 97 0.204259
0 20 98 0.318245
0 20 99 0.204502
0 20 100 0.0731765
0 20 101 0.0415498
0 20 102 -0.0716
0 20 103 0.212
0 20 104 0.0700592
0 20 105 0.0885158
0 20 106 -0.118809
0 20 107 0.224926
0 20 108 0.349295
0 20 109 0.304958
0 20 110 0.261745
0 20 111 0.0839981
0 20 112 0.148526
0 20 113 0.190944
0 20 114 0.597178
0 20 115 0.988049
0 20 116 1.59198
0 20 117 2.05501
0 20 118 3.19292
0 20 119 3.24671
0 20 120 2.78383
0 20 121 2.54833
0 20 122 2.66048
0 20 123 2.0553
0 20 124 1.55285
0 20 125 0.784762
0 20 126 0.594563
0 20 127 0.330319
0 20 128 0.135645
0 20 129 0.00482482
0 20 130 0.220299
0 20 131 0.343406
0 20 132 -0.0745416
0 20 133 0.133467
0 20 134 0.0804177
0 20 135 0.297623
0 20 136 0.17629
0 20 137 0.134158
0 20 138 -0.0384541
0 20 139 -0.078763
0 20 140 0.147416
0 20 141 0.0391214
0 20 142 0.21432
0 20 143 -0.315786
0 20 144 -0.0171167
0 20 145 0.051173
0 20 146 -0.0452248
0 20 147 0.0558978
0 20 148 0.118463
0 20 149 -0.133321
0 20 150 0.0117409
0 20 151 0.130499
0 20 152 -0.100265
0 20 153 0.161468
0 20 154 0.201649
0 20 155 0.0522119
0 20 156 0.266814
0 20 157 0.303565
0 20 158 -0.038593
0 20 159 -0.0543638
0 20 160 -0.212321
0 20 161 0.0571272
0 20 162 0.104688
0 20 163 0.0641166
0 20 164 0.129349
0 20 165 0.00351829
0 20 166 -0.204743
0 20 167 -0.0753028
0 20 168 -0.0459272
0 20 169 -0.0115632
0 20 170 0.225666
0 20 171 0.054993
0 20 172 -0.309863
0 20 173 -0.0884685
0 20 174 0.164748
0 20 175 0.211706
0 20 176 -0.154936
0 20 177 0.368422
0 20 178 0.130628
0 20 179 0.0971932
0 20 180 0.117532
0 20 181 -0.117869
0 20 182 0.24426
0 20 183 0.241136
0 20 184 0.155676
0 20 185 0.252491
0 20 186 0.0440393
0 20 187 -0.142422
0 20 188 0.0313688
0 20 189 0.246338
0 20 190 0.0624243
0 20 191 0.0347105
0 20 192 -0.0172973
0 20 193 0.25979
0 20 194 -0.153038
0 20 195 0.0806965
0 20 196 0.066634
0 20 197 0.138818
0 20 198 0.146247
0 20 199 0.166778
0 20 200 -0.146696
0 20 201 0.278532
0 20 202 0.245029
0 20 203 0.0608198
0 20 204 -0.0674421
0 20 205 0.00685336
0 20 206 0.00968364
0 20 207 0.167814
0 20 208 0.105203
0 20 209 0.0567547
0 20 210 0.209462
0 20 211 0.10091
0 20 212 0.0198733
0 20 213 -0.148619
0 20 214 -0.0357303
0 20 215 0.0507843
0 20 216 0.267694
0 20 217 0.0511744
0 20 218 -0.0414533
0 20 219 -0.0669287
0 20 220 0.0558912
0 20 221 -0.106084
0 20 222 0.279831
0 20 223 -0.331812
0 20 224 -0.0187209
0 20 225 0.134159
0 20 226 -0.047219
0 20 227 0.00791556
0 20 228 -0.119816
0 20 229 -0.124752
0 20 230 -0.329965
0 20 231 -0.210346
0 20 232 0.165197
0 20 233 0.100356
0 20 234 0.254185
0 20 235 0.0193689
0 20 236 0.201901
0 20 237 0.0556824
0 20 238 0.113463
0 20 239 -0.204428
0 20 240 -0.182149
0 20 241 -0.251613
0 20 242 -0.0342423
0 20 243 -0.387524
0 20 244 -0.0558699
0 20 245 0.369443
0 20 246 -0.313502
0 20 247 0.097353
0 20 248 0.0602188
0 20 249 0.10464
0 20 250 -0.200932
0 20 251 0.190625
0 20 252 -0.173333
0 20 253 -0.108031
0 20 254 -0.0950167
0 20 255 -0.271559
