0 13 0 0.110528
0 13 1 0.0835765
0 13 2 -0.0504283
0 13 3 -0.0118929
0 13 4 -0.186447
0 13 5 -0.0791147
0 13 6 0.133341
0 13 7 0.0161283
0 13 8 -0.097373
0 13 9 -0.00374802
0 13 10 -0.0869808
0 13 11 0.106936
0 13 12 0.11891
0 13 13 -0.134044
0 13 14 -0.118442
0 13 15 -0.00615812
0 13 16 -0.178814
0 13 17 0.0710518
0 13 18 0.0582196
0 13 19 -0.103705
0 13 20 -0.0456894
0 13 21 -0.0867165
0 13 22 0.170739
0 13 23 -0.0748528
0 13 24 -0.0779168
0 13 25 0.0452405
0 13 26 -0.0326929
0 13 27 0.097801
0 13 28 -0.0152387
0 13 29 0.227953
0 13 30 0.0916072
0 13 31 0.0835462
0 13 32 0.0807681
0 13 33 0.106037
0 13 34 -0.0519518
0 13 35 -0.105598
0 13 36 0.0665339
0 13 37 0.144003
0 13 38 0.1827
0 13 39 -0.0183369
0 13 40 0.291602
0 13 41 0.471249
0 13 42 0.102152
0 13 43 0.259067
0 13 44 0.470508
0 13 45 0.558661
0 13 46 0.784358
0 13 47 1.33063
0 13 48 1.81715
0 13 49 2.06456
0 13 50 1.88188
0 13 51 1.85237
0 13 52 1.74903
0 13 53 1.57969
0 13 54 1.23971
0 13 55 0.563481
0 13 56 0.41643
0 13 57 0.109872
0 13 58 0.153564
0 13 59 0.124449
0 13 60 -0.0196821
0 13 61 0.208797
0 13 62 0.162473
0 13 63 0.0511353
0 13 64 0.0562925
0 13 65 0.0552717
0 13 66 0.136752
0 13 67 -0.257845
0 13 68 -0.00142233
0 13 69 0.148506
0 13 70 0.112657
0 13 71 -0.209107
0 13 72 0.168821
0 13 73 0.316303
0 13 74 -0.183842
0 13 75 0.04437
0 13 76 0.0108896
0 13 77 -0.160372
0 13 78 -0.0275801
0 13 79 -0.219132
0 13 80 0.0428505
0 13 81 0.0342104
0 13 82 -0.179633
0 13 83 -0.0641678
0 13 84 -0.0420596
0 13 85 0.036738
0 13 86 -0.0654379
0 13 87 -0.0730466
0 13 88 -0.00550138
0 13 89 0.187563
0 13 90 -0.00886748
0 13 91 -0.102101
0 13 92 0.118044
0 13 93 -0.0476793
0 13 94 -0.106032
0 13 95 0.284344
0 13 96 -0.0697928
0 13 97 0.120006
0 13 98 -0.0166956
0 13 99 -0.11111
0 13 100 -0.0815164
0 13 101 -0.0259187
0 13 102 -0.0407973
0 13 103 0.0162905
0 13 104 0.0605609
0 13 105 0.0544552
0 13 106 0.103699
0 13 107 -0.00432076
0 13 108 -0.140419
0 13 109 0.0926888
0 13 110 0.100797
0 13 111 0.206346
0 13 112 -0.223848
0 13 113 0.0747422
0 13 114 -0.0455159
0 13 115 0.00195423
0 13 116 -0.0110303
0 13 117 -0.0110078
0 13 118 -0.0180782
0 13 119 0.0314909
0 13 120 0.00278061
0 13 121 -0.0887949
0 13 122 -0.0844456
0 13 123 0.0285999
0 13 124 -0.0610115
0 13 125 -0.0623788
0 13 126 -0.0597447
0 13 127 0.0331182
0 13 128 0.230598
0 13 129 0.146575
0 13 130 -0.096458
0 13 131 -0.130977
0 13 132 0.0260307
0 13 133 -0.144252
0 13 134 0.0754904
0 13 135 0.107054
0 13 136 -0.0938155
0 13 137 0.098332
0 13 138 0.047795
0 13 139 0.0201511
0 13 140 0.0458687
0 13 141 -0.0263487
0 13 142 -0.219345
0 13 143 -0.0360986
0 13 144 0.0803387
0 13 145 -0.127862
0 13 146 -0.0975128
0 13 147 -0.0197715
0 13 148 0.205533
0 13 149 0.00468463
0 13 150 -0.187404
0 13 151 -0.0630134
0 13 152 -0.0676948
0 13 153 -0.128542
0 13 154 0.0512513
0 13 155 0.20967
0 13 156 -0.0792872
0 13 157 0.0801944
0 13 158 0.0939258
0 13 159 -0.080683
0 13 160 -0.163211
0 13 161 -0.178913
0 13 162 -0.17783
0 13 163 0.0695202
0 13 164 -0.0456466
0 13 165 -0.0247321
0 13 166 -0.0846461
0 13 167 -0.17195
0 13 168 0.0231052
0 13 169 0.0210361
0 13 170 -0.281203
0 13 171 -0.00955866
0 13 172 0.0169567
0 13 173 -0.09297
0 13 174 0.0757353
0 13 175 0.013808
0 13 176 -0.044374
0 13 177 -0.0257411
0 13 178 0.0170948
0 13 179 0.0527555
0 13 180 0.0178242
0 13 181 -0.000393215
0 13 182 0.0221043
0 13 183 -0.00475631
0 13 184 0.125205
0 13 185 -0.142851
0 13 186 0.0852192
0 13 187 -0.118863
0 13 188 0.11693
0 13 189 -0.00678619
0 13 190 0.117926
0 13 191 0.0400665
0 13 192 0.0213536
0 13 193 -0.0386795
0 13 194 -0.138924
0 13 195 0.0121912
0 13 196 0.0199145
0 13 197 0.0231295
0 13 198 0.00431657
0 13 199 0.013859
0 13 200 0.103572
0 13 201 0.235989
0 13 202 -0.063972
0 13 203 0.0397144
0 13 204 0.12139
0 13 205 0.116588
0 13 206 -0.129888
0 13 207 -0.227483
0 13 208 0.0383836
0 13 209 -0.0506921
0 13 210 0.0906401
0 13 211 -0.0550833
0 13 212 0.061493
0 13 213 0.00646992
0 13 214 0.207392
0 13 215 -0.202078
0 13 216 0.250576
0 13 217 0.0977752
0 13 218 0.125706
0 13 219 -0.145361
0 13 220 0.113045
0 13 221 -0.0277763
0 13 222 0.0199119
0 13 223 0.0222158
0 13 224 0.0218366
0 13 225 -0.0526415
0 13 226 -0.0721619
0 13 227 0.161473
0 13 228 -0.179874
0 13 229 0.242352
0 13 230 -0.113653
0 13 231 -0.232195
0 13 232 0.0127992
0 13 233 0.0708078
0 13 234 -0.0321685
0 13 235 -0.241689
0 13 236 0.0110817
0 13 237 0.0346626
0 13 238 0.117959
0 13 239 -0.0707789
0 13 240 0.111608
0 13 241 -0.0970037
0 13 242 -0.00377529
0 13 243 -0.00353423
0 13 244 -0.275469
0 13 245 0.204306
0 13 246 0.0680424
0 13 247 0.132018
0 13 248 -0.0168986
0 13 249 5.54305e-05
0 13 250 -0.0576767
0 13 251 -0.0110335
0 13 252 0.114618
0 13 253 0.0789413
0 13 254 0.0427069
0 13 255 0.123937
