0 5 0 0.0790321
0 5 1 0.0929323
0 5 2 -0.00722928
0 5 3 0.0327736
0 5 4 -0.041562
0 5 5 0.0642841
0 5 6 -0.0520707
0 5 7 0.0936192
0 5 8 -0.0786059
0 5 9 -0.0156706
0 5 10 -0.0431433
0 5 11 -0.0258859
0 5 12 -0.090761
0 5 13 0.0815851
0 5 14 -0.0486743
0 5 15 0.112638
0 5 16 0.0791011
0 5 17 -0.123597
0 5 18 0.0258694
0 5 19 0.128461
0 5 20 0.209227
0 5 21 0.00430304
0 5 22 0.09508
0 5 23 -0.00887666
0 5 24 0.120158
0 5 25 0.0115764
0 5 26 0.0398432
0 5 27 0.0597998
0 5 28 0.0311741
0 5 29 -0.00378883
0 5 30 -0.0704424
0 5 31 -0.110967
0 5 32 0.0340981
0 5 33 0.0374153
0 5 34 0.0601571
0 5 35 0.00922117
0 5 36 0.0300363
0 5 37 0.117046
0 5 38 0.0370817
0 5 39 0.0546337
0 5 40 0.0284369
0 5 41 0.0284403
0 5 42 -0.0450427
0 5 43 0.00774231
0 5 44 0.0267072
0 5 45 -0.178105
0 5 46 0.125619
0 5 47 -0.141204
0 5 48 -0.045632
0 5 49 -0.147045
0 5 50 -0.102627
0 5 51 -0.133262
0 5 52 -0.0962393
0 5 53 0.119079
0 5 54 0.00125588
0 5 55 0.0443855
0 5 56 -0.0815713
0 5 57 0.110841
0 5 58 0.04257
0 5 59 0.0546923
0 5 60 0.00521546
0 5 61 -0.157759
0 5 62 -0.0150447
0 5 63 -0.182168
0 5 64 0.103953
0 5 65 0.146139
0 5 66 0.0514572
0 5 67 -0.108976
0 5 68 0.0109578
0 5 69 -0.0754394
0 5 70 0.0121212
0 5 71 -0.100897
0 5 72 0.037138
0 5 73 0.000671979
0 5 74 0.0111643
0 5 75 0.0187839
0 5 76 -0.16645
0 5 77 0.0693911
0 5 78 -0.029667
0 5 79 -0.0162937
0 5 80 0.135612
0 5 81 0.0517322
0 5 82 0.0643959
0 5 83 -0.178446
0 5 84 0.00962051
0 5 85 0.00725407
0 5 86 -0.0530303
0 5 87 -0.0654991
0 5 88 -0.0244795
0 5 89 0.174954
0 5 90 0.00875944
0 5 91 -0.0105413
0 5 92 0.097701
0 5 93 -0.0222265
0 5 94 0.099159
0 5 95 -0.281905
0 5 96 -0.0924743
0 5 97 -0.089062
0 5 98 0.0969802
0 5 99 0.020782
0 5 100 -0.0141546
0 5 101 0.075263
0 5 102 -0.0222463
0 5 103 -0.00998674
0 5 104 0.0189525
0 5 105 0.156572
0 5 106 0.0189297
0 5 107 0.00611181
0 5 108 -0.0159121
0 5 109 -0.00793892
0 5 110 0.0731824
0 5 111 -0.00766364
0 5 112 -0.0578856
0 5 113 -0.0222167
0 5 114 0.00191468
0 5 115 -0.0655514
0 5 116 0.129492
0 5 117 0.150085
0 5 118 0.0030306
0 5 119 0.0390357
0 5 120 0.114316
0 5 121 -0.123027
0 5 122 -0.0840459
0 5 123 -0.202019
0 5 124 0.0393285
0 5 125 0.0421592
0 5 126 -0.0718927
0 5 127 -0.00986648
0 5 128 -0.162391
0 5 129 0.0286637
0 5 130 -0.194399
0 5 131 -0.0689194
0 5 132 0.169121
0 5 133 -0.093515
0 5 134 -0.0567226
0 5 135 0.0832691
0 5 136 0.129379
0 5 137 0.0750752
0 5 138 0.000349259
0 5 139 -0.0112978
0 5 140 -0.013445
0 5 141 -0.0844194
0 5 142 0.218789
0 5 143 -0.0176718
0 5 144 0.0532361
0 5 145 -0.109443
0 5 146 0.0545783
0 5 147 -0.0515999
0 5 148 0.0842214
0 5 149 0.075705
0 5 150 0.141579
0 5 151 -0.195487
0 5 152 -0.0600997
0 5 153 -0.0324899
0 5 154 0.0769253
0 5 155 -0.0105809
0 5 156 0.0846648
0 5 157 -0.0710233
0 5 158 0.13028
0 5 159 -0.240597
0 5 160 0.0320582
0 5 161 -0.119302
0 5 162 -0.0377937
0 5 163 0.155204
0 5 164 0.108957
0 5 165 0.0753928
0 5 166 0.10004
0 5 167 0.11451
0 5 168 0.0933271
0 5 169 -0.0356241
0 5 170 0.0061409
0 5 171 -0.162948
0 5 172 0.0526032
0 5 173 0.0438135
0 5 174 -0.0329846
0 5 175 0.0427194
0 5 176 0.121933
0 5 177 0.0613571
0 5 178 0.154393
0 5 179 0.135468
0 5 180 0.363404
0 5 181 0.43435
0 5 182 0.749325
0 5 183 1.32979
0 5 184 1.9476
0 5 185 2.69772
0 5 186 2.99417
0 5 187 2.52413
0 5 188 2.27604
0 5 189 2.0129
0 5 190 1.88707
0 5 191 1.37779
0 5 192 0.655377
0 5 193 0.405589
0 5 194 0.183413
0 5 195 0.285866
0 5 196 0.163493
0 5 197 0.0536909
0 5 198 -0.112788
0 5 199 -0.0811306
0 5 200 -0.0131682
0 5 201 0.0208207
0 5 202 -0.0105196
0 5 203 0.0558386
0 5 204 0.0930683
0 5 205 0.013256
0 5 206 -0.0336325
0 5 207 -0.0316156
0 5 208 0.110266
0 5 209 -0.0146044
0 5 210 -0.136871
0 5 211 0.00761975
0 5 212 0.0607362
0 5 213 -0.0408022
0 5 214 -0.0339589
0 5 215 -0.0898958
0 5 216 0.0500946
0 5 217 -0.144274
0 5 218 0.00913154
0 5 219 -0.0205218
0 5 220 -0.0545424
0 5 221 -0.0147835
0 5 222 -0.0348002
0 5 223 -0.0441696
0 5 224 0.113977
0 5 225 -0.0351542
0 5 226 -0.014699
0 5 227 0.0170298
0 5 228 0.0317541
0 5 229 -0.142005
0 5 230 -0.230018
0 5 231 0.0326112
0 5 232 0.0584845
0 5 233 -0.1757
0 5 234 -0.163754
0 5 235 0.0546451
0 5 236 -0.0207947
0 5 237 -0.00467926
0 5 238 -0.0902565
0 5 239 -0.1845
0 5 240 0.207656
0 5 241 -0.130044
0 5 242 0.0707521
0 5 243 -0.0903147
0 5 244 -0.0265375
0 5 245 -0.0235214
0 5 246 -0.0900314
0 5 247 -0.129319
0 5 248 -0.075589
0 5 249 -0.160946
0 5 250 -0.00889819
0 5 251 -0.0494041
0 5 252 -0.00158695
0 5 253 0.00350233
0 5 254 0.0243991
0 5 255 0.129355
