0 21 0 0.0994115
0 21 1 0.322468
0 21 2 0.122122
0 21 3 -0.197111
0 21 4 -0.0320098
0 21 5 -0.173652
0 21 6 -0.236679
0 21 7 0.101903
0 21 8 -0.0743627
0 21 9 -0.0249361
0 21 10 -0.147449
0 21 11 0.0987191
0 21 12 0.137029
0 21 13 -0.232096
0 21 14 -0.0593035
0 21 15 -0.0556229
0 21 16 -0.0798163
0 21 17 0.0327614
0 21 18 -0.432969
0 21 19 0.00194248
0 21 20 0.115144
0 21 21 -0.171318
0 21 22 -0.0645985
0 21 23 0.280206
0 21 24 0.221498
0 21 25 0.143507
0 21 26 0.0595995
0 21 27 0.0859629
0 21 28 0.142617
0 21 29 0.0603838
0 21 30 0.16145
0 21 31 0.126072
0 21 32 -0.233734
0 21 33 0.0503553
0 21 34 -0.339129
0 21 35 -0.100846
0 21 36 -0.0271562
0 21 37 0.309834
0 21 38 0.262397
0 21 39 0.355588
0 21 40 -0.205501
0 21 41 -0.158811
0 21 42 0.106515
0 21 43 -0.305667
0 21 44 -0.403513
0 21 45 -0.158855
0 21 46 -0.157367
0 21 47 0.165419
0 21 48 -0.0185761
0 21 49 -0.490499
0 21 50 0.172174
0 21 51 -0.0425064
0 21 52 0.0211035
0 21 53 0.467133
0 21 54 0.0948367
0 21 55 -0.0563306
0 21 56 0.0435278
0 21 57 0.229932
0 21 58 0.376912
0 21 59 -0.14608
0 21 60 0.754337
0 21 61 0.00213163
0 21 62 0.121013
0 21 63 -0.0227547
0 21 64 -0.11963
0 21 65 0.00192006
0 21 66 -0.0298178
0 21 67 -0.174186
0 21 68 -0.369958
0 21 69 0.522556
0 21 70 0.183709
0 21 71 -0.214234
0 21 72 0.297456
0 21 73 0.261416
0 21 74 0.448667
0 21 75 -0.0654461
0 21 76 0.0615985
0 21 77 -0.352882
0 21 78 -0.0821961
0 21 79 -0.278866
0 21 80 -0.101747
0 21 81 -0.0349885
0 21 82 -0.112295
0 21 83 -0.0872874
0 21 84 -0.192538
0 21 85 0.203496
0 21 86 -0.317199
0 21 87 0.350034
0 21 88 0.198412
0 21 89 0.0640969
0 21 90 0.125596
0 21 91 -0.120681
0 21 92 -0.273484
0 21 93 -0.194183
0 21 94 -0.0261588
0 21 95 0.376612
0 21 96 0.183538
0 21 97 -0.0337887
0 21 98 -0.178279
0 21 99 0.16878
0 21 100 0.189671
0 21 101 -0.154286
0 21 102 0.0460373
0 21 103 0.051315
0 21 104 -0.13698
0 21 105 -0.295999
0 21 106 -0.0618885
0 21 107 0.148592
0 21 108 0.0922959
0 21 109 -0.0518714
0 21 110 0.142797
0 21 111 0.208812
0 21 112 -0.21261
0 21 113 -0.201106
0 21 114 -0.215192
0 21 115 -0.164193
0 21 116 0.109043
0 21 117 0.120407
0 21 118 -0.46733
0 21 119 -0.191457
0 21 120 -0.260387
0 21 121 -0.067689
0 21 122 -0.097292
0 21 123 0.0499675
0 21 124 -0.134824
0 21 125 -0.0833726
0 21 126 0.757658
0 21 127 -0.141125
0 21 128 0.287485
0 21 129 0.114605
0 21 130 0.140069
0 21 131 -0.178582
0 21 132 -0.340249
0 21 133 0.0760824
0 21 134 0.0466243
0 21 135 -0.0409081
0 21 136 0.315388
0 21 137 -0.0834576
0 21 138 0.0207725
0 21 139 -0.0760534
0 21 140 -0.0250051
0 21 141 -0.39124
0 21 142 0.308892
0 21 143 0.0478795
0 21 144 0.0934428
0 21 145 -0.215354
0 21 146 0.190687
0 21 147 -0.0617541
0 21 148 -0.00305793
0 21 149 -0.0520393
0 21 150 -0.0790011
0 21 151 0.145499
0 21 152 0.0985513
0 21 153 -0.152169
0 21 154 -0.282071
0 21 155 0.0153031
0 21 156 0.208184
0 21 157 -0.0411003
0 21 158 0.0380135
0 21 159 0.351512
0 21 160 -0.153508
0 21 161 0.26217
0 21 162 0.239173
0 21 163 -0.0209367
0 21 164 -0.187583
0 21 165 -0.0711571
0 21 166 0.146017
0 21 167 -0.00471946
0 21 168 -0.0109692
0 21 169 -0.116467
0 21 170 -0.0958688
0 21 171 0.306988
0 21 172 0.0438932
0 21 173 -0.350473
0 21 174 -0.110286
0 21 175 -0.166987
0 21 176 -0.295393
0 21 177 -0.0520123
0 21 178 0.349945
0 21 179 -0.254
0 21 180 0.189802
0 21 181 -0.244399
0 21 182 0.0510454
0 21 183 -0.286641
0 21 184 -0.245819
0 21 185 0.277226
0 21 186 -0.400445
0 21 187 0.0856182
0 21 188 0.0623695
0 21 189 0.0673101
0 21 190 -0.36136
0 21 191 -0.340394
0 21 192 -0.13477
0 21 193 0.245847
0 21 194 0.441211
0 21 195 0.0482199
0 21 196 -0.104653
0 21 197 -0.137553
0 21 198 0.0443843
0 21 199 0.150005
0 21 200 -0.0255873
0 21 201 -0.0108943
0 21 202 0.135968
0 21 203 -0.417948
0 21 204 0.0108983
0 21 205 0.163857
0 21 206 0.198279
0 21 207 0.133361
0 21 208 0.0484026
0 21 209 0.292204
0 21 210 0.219525
0 21 211 0.119369
0 21 212 -0.0196412
0 21 213 0.170615
0 21 214 -0.0542389
0 21 215 0.396725
0 21 216 0.0161607
0 21 217 0.327361
0 21 218 0.581304
0 21 219 0.619509
0 21 220 1.46252
0 21 221 1.75462
0 21 222 2.04081
0 21 223 2.3857
0 21 224 2.18012
0 21 225 1.66795
0 21 226 1.84413
0 21 227 1.8915
0 21 228 1.22893
0 21 229 0.541299
0 21 230 0.627212
0 21 231 0.311275
0 21 232 -0.0713833
0 21 233 -0.124091
0 21 234 -0.235086
0 21 235 0.230077
0 21 236 0.144469
0 21 237 0.064048
0 21 238 -0.0272288
0 21 239 0.0226859
0 21 240 -0.208512
0 21 241 -0.0135348
0 21 242 0.14449
0 21 243 0.0935971
0 21 244 0.0666068
0 21 245 0.710106
0 21 246 -0.226745
0 21 247 0.370151
0 21 248 0.210288
0 21 249 -0.00486345
0 21 250 -0.0565885
0 21 251 0.0345452
0 21 252 -0.388504
0 21 253 -0.0733457
0 21 254 -0.192299
0 21 255 0.130916
