0 6 0 -0.0284265
0 6 1 0.127204
0 6 2 0.00484884
0 6 3 -0.0768704
0 6 4 0.040142
0 6 5 -0.214614
0 6 6 0.0282606
0 6 7 -0.0711155
0 6 8 0.23363
0 6 9 -0.156195
0 6 10 -0.0244758
0 6 11 -0.0445588
0 6 12 -0.0605822
0 6 13 -0.0124785
0 6 14 0.220685
0 6 15 0.0126327
0 6 16 0.0441739
0 6 17 0.000773219
0 6 18 -0.0356105
0 6 19 0.0904583
0 6 20 -0.0135864
0 6 21 -0.0349787
0 6 22 0.0742872
0 6 23 -0.00426776
0 6 24 0.0899359
0 6 25 0.0527555
0 6 26 0.0893913
0 6 27 0.0697221
0 6 28 -0.00524672
0 6 29 -0.0238679
0 6 30 0.0625677
0 6 31 -0.0963033
0 6 32 0.0588434
0 6 33 -0.0238287
0 6 34 0.0174097
0 6 35 -0.0347245
0 6 36 0.0562206
0 6 37 -0.0452006
0 6 38 0.0620613
0 6 39 0.0378563
0 6 40 0.211878
0 6 41 -0.049978
0 6 42 -0.0365718
0 6 43 -0.00234306
0 6 44 -0.0629098
0 6 45 0.000261734
0 6 46 -0.138632
0 6 47 -0.0779378
0 6 48 -0.213599
0 6 49 -0.056787
0 6 50 -0.00698804
0 6 51 -0.134019
0 6 52 -0.0180095
0 6 53 0.0288565
0 6 54 -0.0817378
0 6 55 -0.0323555
0 6 56 0.121436
0 6 57 0.0332214
0 6 58 -0.0588682
0 6 59 0.0365332
0 6 60 0.0421206
0 6 61 0.189598
0 6 62 -0.0668442
0 6 63 0.125427
0 6 64 0.153761
0 6 65 0.0298847
0 6 66 0.0977639
0 6 67 0.0548673
0 6 68 -0.0369311
0 6 69 -0.0701184
0 6 70 0.0568094
0 6 71 0.0653647
0 6 72 0.163339
0 6 73 -0.077459
0 6 74 -0.0382675
0 6 75 -0.0322497
0 6 76 -0.00952964
0 6 77 -0.113933
0 6 78 0.064528
0 6 79 0.0303148
0 6 80 0.0900907
0 6 81 0.0562894
0 6 82 0.0294276
0 6 83 -0.090725
0 6 84 0.00581058
0 6 85 -0.161002
0 6 86 0.210272
0 6 87 -0.0652345
0 6 88 0.0598318
0 6 89 0.0268426
0 6 90 0.120763
0 6 91 0.0869568
0 6 92 0.149446
0 6 93 -0.0641924
0 6 94 -0.0650752
0 6 95 0.153028
0 6 96 0.0240803
0 6 97 0.105583
0 6 98 0.121059
0 6 99 0.208389
0 6 100 0.107001
0 6 101 0.0123794
0 6 102 0.142939
0 6 103 0.147754
0 6 104 0.279918
0 6 105 0.481527
0 6 106 0.698576
0 6 107 1.08367
0 6 108 1.46776
0 6 109 1.96462
0 6 110 1.75685
0 6 111 1.60079
0 6 112 1.46576
0 6 113 1.31821
0 6 114 0.910878
0 6 115 0.759375
0 6 116 0.459177
0 6 117 0.358438
0 6 118 0.165337
0 6 119 -0.0497424
0 6 120 0.107396
0 6 121 0.242945
0 6 122 0.116386
0 6 123 -0.00664724
0 6 124 -0.0646058
0 6 125 -0.0451301
0 6 126 -0.16484
0 6 127 0.0294843
0 6 128 -0.0788244
0 6 129 0.0626418
0 6 130 0.0200361
0 6 131 -0.13711
0 6 132 -0.115885
0 6 133 -0.0610426
0 6 134 -0.0930176
0 6 135 -0.102318
0 6 136 0.0313979
0 6 137 -0.0414755
0 6 138 -0.0855702
0 6 139 0.0722027
0 6 140 -0.0763985
0 6 141 -0.0611886
0 6 142 0.0789528
0 6 143 0.149436
0 6 144 0.0616175
0 6 145 0.0982198
0 6 146 -0.0802389
0 6 147 0.0124117
0 6 148 -0.0912717
0 6 149 -0.0367489
0 6 150 -0.0216942
0 6 151 -0.16092
0 6 152 -0.11318
0 6 153 0.130085
0 6 154 0.0443619
0 6 155 0.179933
0 6 156 0.0257667
0 6 157 0.0279683
0 6 158 -0.0620884
0 6 159 0.0833399
0 6 160 -0.0087283
0 6 161 -0.122117
0 6 162 -0.0722409
0 6 163 0.106218
0 6 164 0.139958
0 6 165 -0.0968327
0 6 166 0.106034
0 6 167 0.0314278
0 6 168 0.0372978
0 6 169 -0.103792
0 6 170 0.00325834
0 6 171 -0.0826116
0 6 172 0.0696318
0 6 173 -0.151201
0 6 174 -0.089312
0 6 175 -0.0842722
0 6 176 -0.0749312
0 6 177 -0.129653
0 6 178 0.0837218
0 6 179 0.0708527
0 6 180 -0.0692129
0 6 181 -0.00161416
0 6 182 -0.0257711
0 6 183 -0.00565781
0 6 184 0.13008
0 6 185 0.00468132
0 6 186 -0.0446847
0 6 187 -0.0103128
0 6 188 -0.0809006
0 6 189 0.0260809
0 6 190 0.053046
0 6 191 -0.154785
0 6 192 -0.11328
0 6 193 -0.00185139
0 6 194 -0.114654
0 6 195 0.0149293
0 6 196 0.102864
0 6 197 -0.000526142
0 6 198 -0.000468664
0 6 199 0.0668736
0 6 200 -0.0899889
0 6 201 0.0842627
0 6 202 -0.086699
0 6 203 0.0780434
0 6 204 -0.0275024
0 6 205 0.0905145
0 6 206 -0.00662453
0 6 207 -0.076363
0 6 208 0.0205586
0 6 209 -0.0308541
0 6 210 -0.0829203
0 6 211 0.0915851
0 6 212 -0.0148745
0 6 213 0.0536866
0 6 214 0.0970049
0 6 215 -0.134733
0 6 216 -0.101349
0 6 217 0.101366
0 6 218 0.0452697
0 6 219 0.0177999
0 6 220 0.212747
0 6 221 -0.0406563
0 6 222 0.0685134
0 6 223 0.144479
0 6 224 -0.100484
0 6 225 0.0217197
0 6 226 0.0223097
0 6 227 -0.00263779
0 6 228 0.016307
0 6 229 -0.0856552
0 6 230 -0.0162649
0 6 231 -0.125055
0 6 232 -0.0548036
0 6 233 -0.0556197
0 6 234 0.0134063
0 6 235 -0.0528336
0 6 236 -0.0467094
0 6 237 -0.0746206
0 6 238 -0.109112
0 6 239 0.0842116
0 6 240 -0.0130796
0 6 241 -0.199817
0 6 242 0.137703
0 6 243 0.0124341
0 6 244 0.100599
0 6 245 0.0640444
0 6 246 -0.0292262
0 6 247 -0.0952138
0 6 248 -0.134331
0 6 249 -0.0441721
0 6 250 -0.0672119
0 6 251 -0.0266509
0 6 252 -0.0283914
0 6 253 -0.00126107
0 6 254 0.031052
0 6 255 0.0942814
