0 14 0 0.152965
0 14 1 0.183238
0 14 2 -0.102098
0 14 3 -0.071591
0 14 4 -0.0298712
0 14 5 0.0826879
0 14 6 -0.121217
0 14 7 -0.0132501
0 14 8 0.0785882
0 14 9 -0.0176609
0 14 10 0.261043
0 14 11 0.306293
0 14 12 0.404717
0 14 13 0.435019
0 14 14 0.611017
0 14 15 0.518043
0 14 16 0.493314
0 14 17 0.346581
0 14 18 0.337624
0 14 19 0.183403
0 14 20 0.467116
0 14 21 0.249555
0 14 22 0.203619
0 14 23 0.195104
0 14 24 0.242664
0 14 25 -0.0888179
0 14 26 0.025528
0 14 27 0.216435
0 14 28 -0.24748
0 14 29 -0.0625788
0 14 30 -0.152652
0 14 31 0.0247547
0 14 32 -0.0332799
0 14 33 -0.0890728
0 14 34 -0.032401
0 14 35 0.168844
0 14 36 0.0594847
0 14 37 -0.104498
0 14 38 0.187975
0 14 39 -0.12909
0 14 40 -0.0762617
0 14 41 0.0269729
0 14 42 0.212431
0 14 43 0.0426826
0 14 44 -0.0103185
0 14 45 0.09037
0 14 46 0.169643
0 14 47 -0.0496095
0 14 48 0.00359264
0 14 49 0.0742955
0 14 50 -0.0200434
0 14 51 -0.410931
0 14 52 0.134453
0 14 53 -0.00271691
0 14 54 0.0198254
0 14 55 -0.135617
0 14 56 0.136243
0 14 57 0.0265738
0 14 58 -0.00727236
0 14 59 0.102145
0 14 60 -0.0370205
0 14 61 -0.161354
0 14 62 0.155901
0 14 63 -0.103458
0 14 64 -0.0229163
0 14 65 -0.12232
0 14 66 0.10376
0 14 67 -0.154137
0 14 68 0.0264589
0 14 69 0.173949
0 14 70 0.0986676
0 14 71 -0.149509
0 14 72 -0.112405
0 14 73 0.0135353
0 14 74 -0.281043
0 14 75 -0.130108
0 14 76 0.173177
0 14 77 0.0285243
0 14 78 -0.306277
0 14 79 0.0408077
0 14 80 0.00791652
0 14 81 -0.0276203
0 14 82 -0.0821011
0 14 83 0.0554672
0 14 84 -0.0806965
0 14 85 -0.21089
0 14 86 -0.0327209
0 14 87 -0.276222
0 14 88 -0.00703396
0 14 89 0.0105115
0 14 90 -0.103817
0 14 91 0.183812
0 14 92 0.0960373
0 14 93 0.000268399
0 14 94 -0.197606
0 14 95 0.0117802
0 14 96 0.0785272
0 14 97 -0.00178853
0 14 98 -0.0240134
0 14 99 -0.112182
0 14 100 -0.104522
0 14 101 -0.0883012
0 14 102 -0.00170723
0 14 103 0.0212947
0 14 104 0.0548359
0 14 105 0.0110661
0 14 106 0.101757
0 14 107 -0.0208725
0 14 108 -0.0401309
0 14 109 -0.0146412
0 14 110 -0.0279113
0 14 111 -0.0306928
0 14 112 0.0102607
0 14 113 0.032042
0 14 114 -0.106453
0 14 115 0.0199005
0 14 116 0.0789262
0 14 117 -0.0253369
0 14 118 0.0909039
0 14 119 -0.00390363
0 14 120 -0.04989
0 14 121 -0.0385676
0 14 122 0.102553
0 14 123 -0.128708
0 14 124 0.176588
0 14 125 -0.042518
0 14 126 -0.0701566
0 14 127 0.0248645
0 14 128 0.0222781
0 14 129 0.0818297
0 14 130 0.0193631
0 14 131 -0.0118287
0 14 132 0.0553217
0 14 133 0.0213547
0 14 134 0.0674457
0 14 135 -0.0659249
0 14 136 0.0113208
0 14 137 0.160834
0 14 138 0.0529283
0 14 139 -0.0304154
0 14 140 0.230381
0 14 141 -0.0597323
0 14 142 0.258299
0 14 143 0.108192
0 14 144 0.0630114
0 14 145 -0.0123073
0 14 146 0.0109748
0 14 147 -0.0395694
0 14 148 0.212802
0 14 149 -0.136051
0 14 150 -0.0975054
0 14 151 -0.0383896
0 14 152 0.0498077
0 14 153 0.0447302
0 14 154 -0.0664282
0 14 155 -0.0537626
0 14 156 -0.0980491
0 14 157 -0.0871247
0 14 158 0.145937
0 14 159 -0.221095
0 14 160 -0.144096
0 14 161 -0.212373
0 14 162 0.135461
0 14 163 -0.0881292
0 14 164 0.0958318
0 14 165 -0.107763
0 14 166 0.111961
0 14 167 -0.152544
0 14 168 -0.0724769
0 14 169 -0.059903
0 14 170 -0.0474519
0 14 171 -0.213587
0 14 172 -0.00787873
0 14 173 0.224779
0 14 174 0.120485
0 14 175 0.114987
0 14 176 0.145352
0 14 177 -0.140071
0 14 178 -0.172877
0 14 179 -0.167311
0 14 180 0.0859065
0 14 181 -0.144752
0 14 182 -0.194011
0 14 183 -0.0533893
0 14 184 0.0530085
0 14 185 -0.029392
0 14 186 -0.227228
0 14 187 0.0562099
0 14 188 -0.0320533
0 14 189 0.0263016
0 14 190 -0.1732
0 14 191 -0.13852
0 14 192 -0.0767945
0 14 193 0.272529
0 14 194 0.149548
0 14 195 -0.093242
0 14 196 -0.0208863
0 14 197 -0.0245229
0 14 198 -0.0531421
0 14 199 -0.189118
0 14 200 0.0346836
0 14 201 0.0344656
0 14 202 0.214494
0 14 203 -0.228826
0 14 204 -0.104754
0 14 205 0.17925
0 14 206 0.0075575
0 14 207 -0.129682
0 14 208 0.0977974
0 14 209 -0.151206
0 14 210 -0.00880478
0 14 211 -0.121331
0 14 212 0.184613
0 14 213 -0.111735
0 14 214 0.0762327
0 14 215 0.111792
0 14 216 0.044187
0 14 217 -0.116346
0 14 218 -0.0473434
0 14 219 0.23656
0 14 220 -0.0563545
0 14 221 -0.143464
0 14 222 0.233473
0 14 223 -0.0869299
0 14 224 0.148336
0 14 225 -0.293907
0 14 226 -0.0985329
0 14 227 0.0696967
0 14 228 -0.0654882
0 14 229 -0.0602981
0 14 230 -0.130441
0 14 231 0.0784754
0 14 232 0.105557
0 14 233 -0.0777465
0 14 234 0.22072
0 14 235 0.139757
0 14 236 -0.0507303
0 14 237 -0.0800677
0 14 238 -0.0396469
0 14 239 -0.110869
0 14 240 -0.226142
0 14 241 -0.0931274
0 14 242 -0.22815
0 14 243 -0.0829524
0 14 244 -0.0869006
0 14 245 0.00799295
0 14 246 -0.118491
0 14 247 -0.132424
0 14 248 0.118465
0 14 249 -0.0917499
0 14 250 -0.034257
0 14 251 0.0286011
0 14 252 0.0110582
0 14 253 -0.0392514
0 14 254 0.0207512
0 14 255 0.0336677
