0 31 0 0.0640788
0 31 1 0.178124
0 31 2 0.054026
0 31 3 0.03081
0 31 4 0.110948
0 31 5 0.0557946
0 31 6 0.0312278
0 31 7 -0.170871
0 31 8 0.0525915
0 31 9 -0.0143897
0 31 10 -0.0793018
0 31 11 0.00574257
0 31 12 0.0309951
0 31 13 -0.026175
0 31 14 -0.0345845
0 31 15 0.0103929
0 31 16 0.00614682
0 31 17 -0.176626
0 31 18 0.0495902
0 31 19 -0.0545287
0 31 20 0.0445641
0 31 21 0.0190215
0 31 22 0.0458155
0 31 23 -0.0406182
0 31 24 -0.0674578
0 31 25 -0.172977
0 31 26 0.112164
0 31 27 0.0233397
0 31 28 0.0189367
0 31 29 -0.0793012
0 31 30 -0.0818007
0 31 31 0.00102997
0 31 32 -0.0242208
0 31 33 -0.0397407
0 31 34 -0.0836104
0 31 35 -0.0626462
0 31 36 0.0840997
0 31 37 0.0546792
0 31 38 -0.026766
0 31 39 -0.071225
0 31 40 0.0681912
0 31 41 -0.076526
0 31 42 -0.0268159
0 31 43 -0.0806822
0 31 44 0.111529
0 31 45 -0.121527
0 31 46 -0.0430303
0 31 47 -0.05111
0 31 48 0.120879
0 31 49 -0.00957047
0 31 50 -0.0443931
0 31 51 0.0691312
0 31 52 -0.161056
0 31 53 -0.0301427
0 31 54 -0.0465581
0 31 55 -0.117157
0 31 56 -0.0594541
0 31 57 0.0389035
0 31 58 0.0144006
0 31 59 -0.158992
0 31 60 -0.0578273
0 31 61 -0.0775251
0 31 62 0.0978901
0 31 63 -0.188517
0 31 64 -0.0289632
0 31 65 0.054343
0 31 66 0.00427733
0 31 67 0.117837
0 31 68 -0.0237277
0 31 69 0.000132904
0 31 70 0.0567083
0 31 71 0.111021
0 31 72 0.130371
0 31 73 0.00977763
0 31 74 0.140985
0 31 75 0.0765771
0 31 76 -0.058394
0 31 77 0.0863242
0 31 78 0.0624629
0 31 79 0.0983074
0 31 80 0.00974279
0 31 81 -0.0602404
0 31 82 -0.00479232
0 31 83 -0.0040418
0 31 84 -0.0627692
0 31 85 0.0169058
0 31 86 0.0417336
0 31 87 -0.0895208
0 31 88 0.0886189
0 31 89 0.0550614
0 31 90 0.0229966
0 31 91 0.0728022
0 31 92 -0.0652596
0 31 93 -0.020856
0 31 94 -0.0560765
0 31 95 0.12259
0 31 96 -0.00231676
0 31 97 0.101855
0 31 98 0.0844822
0 31 99 -0.0970584
0 31 100 0.0616711
0 31 101 0.059347
0 31 102 -0.0832399
0 31 103 0.0191278
0 31 104 -0.0375176
0 31 105 -0.0695845
0 31 106 0.0206708
0 31 107 0.206979
0 31 108 -0.0884465
0 31 109 -0.150224
0 31 110 -0.0884535
0 31 111 0.0560108
0 31 112 -0.0214234
0 31 113 -0.0241095
0 31 114 0.0105189
0 31 115 -0.132148
0 31 116 0.122084
0 31 117 0.0940437
0 31 118 0.0590739
0 31 119 -0.111052
0 31 120 0.0808919
0 31 121 0.10147
0 31 122 -0.0330298
0 31 123 0.0598341
0 31 124 -0.130188
0 31 125 0.0126094
0 31 126 0.00257196
0 31 127 -0.0465588
0 31 128 0.0218517
0 31 129 -0.0438584
0 31 130 -0.032133
0 31 131 0.025682
0 31 132 0.0270027
0 31 133 0.108001
0 31 134 -0.121674
0 31 135 0.00429496
0 31 136 0.0952334
0 31 137 -0.00299555
0 31 138 0.0497609
0 31 139 0.0687409
0 31 140 0.0253408
0 31 141 0.0378482
0 31 142 0.0167769
0 31 143 0.0602466
0 31 144 -0.0547982
0 31 145 0.0399354
0 31 146 -0.0226558
0 31 147 -0.0978027
0 31 148 0.0841244
0 31 149 0.102403
0 31 150 0.0466485
0 31 151 -0.0668985
0 31 152 0.222946
0 31 153 -0.00929267
0 31 154 -0.0518004
0 31 155 0.00070483
0 31 156 -0.0169295
0 31 157 0.0858524
0 31 158 -0.00507034
0 31 159 -0.0441806
0 31 160 -0.0758677
0 31 161 -0.0287367
0 31 162 0.0427981
0 31 163 0.0350198
0 31 164 -0.0717432
0 31 165 0.086659
0 31 166 -0.00419064
0 31 167 -0.00210878
0 31 168 0.0392828
0 31 169 0.141315
0 31 170 0.347954
0 31 171 0.484234
0 31 172 0.82282
0 31 173 0.745196
0 31 174 0.537673
0 31 175 0.561891
0 31 176 0.329444
0 31 177 0.192098
0 31 178 0.167631
0 31 179 0.258133
0 31 180 0.155862
0 31 181 0.0524345
0 31 182 0.0419414
0 31 183 -0.044202
0 31 184 0.0201823
0 31 185 0.00958409
0 31 186 -0.0076347
0 31 187 -0.0532128
0 31 188 0.00928121
0 31 189 -0.0365754
0 31 190 0.0498775
0 31 191 -0.115587
0 31 192 0.0519634
0 31 193 -0.0463273
0 31 194 -0.133188
0 31 195 0.00612913
0 31 196 0.0985629
0 31 197 0.008758
0 31 198 0.0258672
0 31 199 -0.0187621
0 31 200 -0.0291297
0 31 201 0.0271208
0 31 202 0.0502887
0 31 203 0.0447409
0 31 204 -0.0722479
0 31 205 -0.0920865
0 31 206 0.0391566
0 31 207 0.00318665
0 31 208 -0.00661839
0 31 209 -0.0446505
0 31 210 -0.0649809
0 31 211 -0.111373
0 31 212 -0.0559872
0 31 213 -0.156482
0 31 214 -0.0140031
0 31 215 0.0182108
0 31 216 -0.168334
0 31 217 0.15774
0 31 218 -0.00680392
0 31 219 0.0292975
0 31 220 -0.0611101
0 31 221 0.048676
0 31 222 -0.0252075
0 31 223 -0.0203298
0 31 224 -0.0152248
0 31 225 0.0354713
0 31 226 -0.032164
0 31 227 -0.0144721
0 31 228 -0.0921322
0 31 229 -0.0393806
0 31 230 -0.165119
0 31 231 0.0379563
0 31 232 -0.00192908
0 31 233 0.0431243
0 31 234 0.00889171
0 31 235 -0.00618447
0 31 236 0.195975
0 31 237 0.0684965
0 31 238 -0.163742
0 31 239 -0.0639899
0 31 240 0.0420848
0 31 241 -0.0015179
0 31 242 -0.0298321
0 31 243 0.0795638
0 31 244 0.0425033
0 31 245 -0.0684125
0 31 246 0.075099
0 31 247 0.0328762
0 31 248 0.167728
0 31 249 0.0578538
0 31 250 0.102898
0 31 251 -0.146346
0 31 252 0.115873
0 31 253 -0.0212719
0 31 254 0.0391865
0 31 255 0.0442236
