0 18 0 -0.209167
0 18 1 0.116964
0 18 2 -0.0452876
0 18 3 0.126678
0 18 4 0.184054
0 18 5 -0.137535
0 18 6 0.0688044
0 18 7 -0.171328
0 18 8 0.0858493
0 18 9 -0.0198827
0 18 10 -0.0623957
0 18 11 0.0194533
0 18 12 -0.090231
0 18 13 0.0576359
0 18 14 0.0720413
0 18 15 -0.0353697
0 18 16 -0.0522807
0 18 17 0.0989192
0 18 18 -0.111605
0 18 19 -0.102395
0 18 20 -0.0997609
0 18 21 0.0621071
0 18 22 -0.133818
0 18 23 -0.0863062
0 18 24 0.0116542
0 18 25 0.0181476
0 18 26 0.0525996
0 18 27 0.170748
0 18 28 0.154235
0 18 29 0.0898229
0 18 30 0.14308
0 18 31 0.222924
0 18 32 0.155837
0 18 33 0.144111
0 18 34 0.0482868
0 18 35 0.096504
0 18 36 0.28492
0 18 37 0.106097
0 18 38 0.13866
0 18 39 0.138734
0 18 40 -0.0780692
0 18 41 -0.00589627
0 18 42 -0.0806064
0 18 43 -0.0195337
0 18 44 -0.0359442
0 18 45 -0.00991911
0 18 46 -0.00618375
0 18 47 -0.263552
0 18 48 0.0836959
0 18 49 0.133805
0 18 50 -0.0715215
0 18 51 -0.302136
0 18 52 0.036304
0 18 53 0.147585
0 18 54 -0.0206441
0 18 55 0.0242221
0 18 56 0.130157
0 18 57 0.0886378
0 18 58 0.242481
0 18 59 -0.00128147
0 18 60 -0.0416709
0 18 61 0.0613335
0 18 62 -0.033391
0 18 63 0.160795
0 18 64 -0.187798
0 18 65 -0.0529617
0 18 66 -0.0596041
0 18 67 -0.0377576
0 18 68 0.151791
0 18 69 0.112848
0 18 70 0.225927
0 18 71 0.118653
0 18 72 -0.0462257
0 18 73 0.0835856
0 18 74 -0.0499641
0 18 75 0.0561472
0 18 76 -0.114491
0 18 77 -0.168384
0 18 78 -0.0149638
0 18 79 -0.0810291
0 18 80 -0.167713
0 18 81 -0.0339987
0 18 82 0.108345
0 18 83 -0.20546
0 18 84 -0.0435631
0 18 85 -0.0151162
0 18 86 0.0344645
0 18 87 -0.0677212
0 18 88 0.0511813
0 18 89 -0.0285085
0 18 90 0.0220958
0 18 91 -0.206526
0 18 92 0.130444
0 18 93 -0.120199
0 18 94 0.0404579
0 18 95 0.0726789
0 18 96 0.0911228
0 18 97 -0.109856
0 18 98 -0.101102
0 18 99 0.183301
0 18 100 0.0213249
0 18 101 -0.187722
0 18 102 0.0493122
0 18 103 -0.0142475
0 18 104 -0.016965
0 18 105 -0.177997
0 18 106 0.0192684
0 18 107 0.0934677
0 18 108 0.0237393
0 18 109 -0.0273236
0 18 110 0.221261
0 18 111 -0.0262673
0 18 112 -0.0124583
0 18 113 -0.0621529
0 18 114 -0.219788
0 18 115 0.205152
0 18 116 0.168332
0 18 117 0.190366
0 18 118 0.240579
0 18 119 0.200853
0 18 120 0.0382056
0 18 121 -0.109962
0 18 122 0.173204
0 18 123 0.380373
0 18 124 0.17069
0 18 125 0.284895
0 18 126 0.100101
0 18 127 0.11101
0 18 128 -0.0870827
0 18 129 0.0329352
0 18 130 0.101875
0 18 131 0.375154
0 18 132 0.29976
0 18 133 0.253598
0 18 134 0.597467
0 18 135 0.872693
0 18 136 1.63695
0 18 137 2.1414
0 18 138 2.72807
0 18 139 2.38747
0 18 140 2.00084
0 18 141 2.01871
0 18 142 1.85897
0 18 143 1.24575
0 18 144 0.875881
0 18 145 0.706072
0 18 146 0.182559
0 18 147 0.0608019
0 18 148 0.192959
0 18 149 0.207317
0 18 150 -0.021417
0 18 151 0.0971915
0 18 152 0.0270915
0 18 153 0.129824
0 18 154 0.0859436
0 18 155 -0.0512892
0 18 156 -0.0499457
0 18 157 0.146543
0 18 158 0.093719
0 18 159 -0.0389101
0 18 160 -0.164761
0 18 161 0.0215206
0 18 162 -0.124706
0 18 163 -0.142039
0 18 164 -0.225989
0 18 165 0.0512043
0 18 166 0.307987
0 18 167 0.169766
0 18 168 0.00739492
0 18 169 0.0322306
0 18 170 0.142908
0 18 171 -0.086527
0 18 172 0.0527927
0 18 173 0.0623773
0 18 174 -0.0169783
0 18 175 0.00328337
0 18 176 -0.162281
0 18 177 -0.0808349
0 18 178 -0.0197823
0 18 179 -0.118135
0 18 180 -0.179669
0 18 181 0.157365
0 18 182 -0.0428612
0 18 183 -0.0219997
0 18 184 0.0764003
0 18 185 0.0961652
0 18 186 -0.169881
0 18 187 -0.0156642
0 18 188 0.343376
0 18 189 -0.00941357
0 18 190 -0.0433121
0 18 191 -0.117312
0 18 192 0.0137838
0 18 193 0.14663
0 18 194 0.089605
0 18 195 -0.0224031
0 18 196 0.18851
0 18 197 0.204489
0 18 198 0.201457
0 18 199 0.226804
0 18 200 -0.11769
0 18 201 0.160365
0 18 202 0.0963514
0 18 203 0.066141
0 18 204 0.113614
0 18 205 0.00460128
0 18 206 0.0186667
0 18 207 -0.0943213
0 18 208 0.177615
0 18 209 -0.174074
0 18 210 0.0624475
0 18 211 0.105034
0 18 212 0.206381
0 18 213 0.0510873
0 18 214 0.13608
0 18 215 0.219488
0 18 216 -0.0694444
0 18 217 0.0139182
0 18 218 0.0907583
0 18 219 0.111747
0 18 220 0.0356783
0 18 221 0.12085
0 18 222 0.0241934
0 18 223 -0.106506
0 18 224 0.0117567
0 18 225 0.0704395
0 18 226 -0.00639519
0 18 227 0.0193227
0 18 228 0.138234
0 18 229 -0.0457061
0 18 230 0.259558
0 18 231 0.175366
0 18 232 -0.0304113
0 18 233 0.0544976
0 18 234 0.12915
0 18 235 0.112912
0 18 236 0.0757739
0 18 237 -0.103469
0 18 238 -0.0185058
0 18 239 -0.0513531
0 18 240 -0.0128056
0 18 241 -0.0159698
0 18 242 -0.0788825
0 18 243 0.15929
0 18 244 -0.0236814
0 18 245 0.295885
0 18 246 0.000501591
0 18 247 0.0676506
0 18 248 -0.0878186
0 18 249 -0.103849
0 18 250 0.00293126
0 18 251 -0.132319
0 18 252 0.13099
0 18 253 -0.106374
0 18 254 -0.0207007
0 18 255 0.0545877
