0 3 0 -0.0550016
0 3 1 -0.121659
0 3 2 0.0256678
0 3 3 -0.0325803
0 3 4 -0.0146737
0 3 5 -0.185009
0 3 6 0.0800579
0 3 7 -0.0616025
0 3 8 0.207689
0 3 9 0.0384494
0 3 10 -0.0825518
0 3 11 0.0557017
0 3 12 -0.0087378
0 3 13 -0.118345
0 3 14 0.0857089
0 3 15 -0.00740095
0 3 16 -0.0485095
0 3 17 -0.0254804
0 3 18 0.0565953
0 3 19 -0.10367
0 3 20 -0.0393907
0 3 21 -0.103271
0 3 22 0.0508847
0 3 23 0.0384118
0 3 24 -0.0447063
0 3 25 -0.0516952
0 3 26 0.0282578
0 3 27 -0.00871842
0 3 28 -0.0459634
0 3 29 -0.0137296
0 3 30 0.0102311
0 3 31 0.042425
0 3 32 -0.0221484
0 3 33 0.140679
0 3 34 0.00840712
0 3 35 0.0732514
0 3 36 -0.115846
0 3 37 -0.0661749
0 3 38 -0.00361135
0 3 39 0.0912749
0 3 40 -0.0191785
0 3 41 -0.0679192
0 3 42 0.0718728
0 3 43 0.0212442
0 3 44 -0.0404114
0 3 45 -0.0149534
0 3 46 -0.11013
0 3 47 0.0798654
0 3 48 0.0596721
0 3 49 0.163954
0 3 50 -0.0312246
0 3 51 -0.0536651
0 3 52 -0.0898793
0 3 53 -0.0725176
0 3 54 0.127448
0 3 55 -0.00528985
0 3 56 -0.00569949
0 3 57 -0.0165112
0 3 58 -0.000284339
0 3 59 -0.00215241
0 3 60 0.0304272
0 3 61 0.155429
0 3 62 0.0714661
0 3 63 -0.00542285
0 3 64 0.191714
0 3 65 0.0854051
0 3 66 0.0667595
0 3 67 0.0625969
0 3 68 -0.122159
0 3 69 -0.0880651
0 3 70 0.0779104
0 3 71 -0.16635
0 3 72 -0.0391761
0 3 73 -0.01048
0 3 74 -0.0488086
0 3 75 -0.14003
0 3 76 -0.0152756
0 3 77 -0.0120194
0 3 78 0.09897
0 3 79 0.00349051
0 3 80 -0.0431611
0 3 81 0.0460975
0 3 82 -0.105204
0 3 83 0.0465151
0 3 84 -0.080039
0 3 85 0.0234434
0 3 86 -0.0211739
0 3 87 0.0105863
0 3 88 -0.0145563
0 3 89 0.0038088
0 3 90 -0.00367284
0 3 91 -0.0650831
0 3 92 -0.164934
0 3 93 -0.0137758
0 3 94 -0.0171516
0 3 95 -0.133851
0 3 96 -0.0179743
0 3 97 -0.025608
0 3 98 0.000169986
0 3 99 0.045133
0 3 100 -0.102222
0 3 101 -0.0552437
0 3 102 -0.0188352
0 3 103 0.0350486
0 3 104 -0.109686
0 3 105 0.0842564
0 3 106 0.0238976
0 3 107 0.112602
0 3 108 0.0085738
0 3 109 -0.138899
0 3 110 -0.0980451
0 3 111 -0.101596
0 3 112 0.110749
0 3 113 0.0164694
0 3 114 0.0874111
0 3 115 -0.126207
0 3 116 0.00704573
0 3 117 -0.141191
0 3 118 0.131096
0 3 119 -0.0657507
0 3 120 0.00989612
0 3 121 -0.0667628
0 3 122 0.146004
0 3 123 0.0123307
0 3 124 0.142987
0 3 125 0.109741
0 3 126 -0.00394258
0 3 127 0.134218
0 3 128 0.169248
0 3 129 0.105312
0 3 130 0.252116
0 3 131 0.293105
0 3 132 0.432459
0 3 133 0.762339
0 3 134 0.882259
0 3 135 1.22463
0 3 136 1.15908
0 3 137 0.976206
0 3 138 0.885067
0 3 139 0.878929
0 3 140 0.621108
0 3 141 0.210959
0 3 142 0.316245
0 3 143 0.0971752
0 3 144 -0.00242303
0 3 145 0.0866321
0 3 146 0.054614
0 3 147 0.0694368
0 3 148 0.033218
0 3 149 -0.117178
0 3 150 0.0135247
0 3 151 -0.0430711
0 3 152 0.0307236
0 3 153 0.0729302
0 3 154 0.00645633
0 3 155 0.0316117
0 3 156 -0.0364441
0 3 157 0.024056
0 3 158 0.0236002
0 3 159 -0.221809
0 3 160 -0.194973
0 3 161 -0.0261524
0 3 162 0.0264161
0 3 163 -0.15834
0 3 164 0.069659
0 3 165 0.0017492
0 3 166 0.0715146
0 3 167 -0.0134541
0 3 168 -0.0609019
0 3 169 -0.064214
0 3 170 -0.0378259
0 3 171 -0.0641549
0 3 172 0.0179486
0 3 173 -0.0125354
0 3 174 -0.0116522
0 3 175 0.058481
0 3 176 0.0322217
0 3 177 -0.214911
0 3 178 -0.0298188
0 3 179 -0.0507509
0 3 180 -0.0158498
0 3 181 0.0644917
0 3 182 -0.043529
0 3 183 0.0978368
0 3 184 -0.115289
0 3 185 -0.0938302
0 3 186 -0.022943
0 3 187 0.0621223
0 3 188 -0.144394
0 3 189 -0.131047
0 3 190 -0.0479132
0 3 191 -0.0616493
0 3 192 -0.11326
0 3 193 -0.0556096
0 3 194 -0.127174
0 3 195 -0.00379367
0 3 196 -0.0629711
0 3 197 -0.0330254
0 3 198 -0.0463683
0 3 199 -0.0185691
0 3 200 -0.0179323
0 3 201 0.0094739
0 3 202 -0.114486
0 3 203 0.0056221
0 3 204 0.0633193
0 3 205 -0.0314115
0 3 206 0.0419557
0 3 207 0.0198849
0 3 208 -0.0609936
0 3 209 0.00210051
0 3 210 -0.0465296
0 3 211 -0.0405562
0 3 212 -0.0234593
0 3 213 -0.030413
0 3 214 0.120389
0 3 215 0.0555415
0 3 216 -0.0404802
0 3 217 -0.173597
0 3 218 0.0285575
0 3 219 -0.0355485
0 3 220 -0.0276214
0 3 221 0.0674023
0 3 222 0.0100718
0 3 223 -0.0178163
0 3 224 -0.016744
0 3 225 0.0726829
0 3 226 -0.0833961
0 3 227 0.00694104
0 3 228 -0.103255
0 3 229 -0.121293
0 3 230 0.0886243
0 3 231 0.00725976
0 3 232 -0.0463108
0 3 233 -0.0469804
0 3 234 -0.0765874
0 3 235 -0.0771635
0 3 236 -0.000166882
0 3 237 -0.0372482
0 3 238 -0.112572
0 3 239 0.0658588
0 3 240 0.074065
0 3 241 -0.0384668
0 3 242 -0.0780388
0 3 243 0.00811037
0 3 244 0.108662
0 3 245 -0.0956427
0 3 246 -0.227225
0 3 247 -0.125859
0 3 248 -0.0776836
0 3 249 0.0690038
0 3 250 0.0610289
0 3 251 -0.0457692
0 3 252 -0.0678746
0 3 253 0.0793531
0 3 254 0.101114
0 3 255 -0.023712
