0 7 0 -0.0326978
0 7 1 -0.127766
0 7 2 0.17213
0 7 3 0.0107593
0 7 4 0.0377437
0 7 5 -0.206005
0 7 6 0.0505422
0 7 7 -0.100804
0 7 8 0.0840696
0 7 9 0.0731594
0 7 10 0.0396072
0 7 11 0.0497508
0 7 12 -0.0380462
0 7 13 -0.0814978
0 7 14 -0.0405317
0 7 15 0.0861959
0 7 16 -0.0144735
0 7 17 0.0489767
0 7 18 0.00321939
0 7 19 -0.173386
0 7 20 -0.0115884
0 7 21 -0.0900077
0 7 22 0.0929482
0 7 23 0.0498483
0 7 24 -0.0441109
0 7 25 -0.0172562
0 7 26 -0.0472241
0 7 27 0.0072594
0 7 28 0.0349695
0 7 29 -0.0420684
0 7 30 0.107384
0 7 31 -0.0498251
0 7 32 -0.0313157
0 7 33 0.0982911
0 7 34 0.0316885
0 7 35 0.131998
0 7 36 0.0827709
0 7 37 -0.0672229
0 7 38 0.121651
0 7 39 -0.0363955
0 7 40 0.00216985
0 7 41 0.105579
0 7 42 0.0191723
0 7 43 -0.0262215
0 7 44 0.0462603
0 7 45 0.0142739
0 7 46 -0.0610086
0 7 47 0.0184381
0 7 48 -0.0103208
0 7 49 0.0466612
0 7 50 0.0278741
0 7 51 0.162563
0 7 52 -0.0246024
0 7 53 0.0675415
0 7 54 0.0795107
0 7 55 0.117126
0 7 56 -0.0277864
0 7 57 0.0502177
0 7 58 0.0277051
0 7 59 0.169834
0 7 60 0.204036
0 7 61 -0.0902973
0 7 62 0.0254517
0 7 63 0.15788
0 7 64 0.00964114
0 7 65 0.144727
0 7 66 0.0864077
0 7 67 0.223731
0 7 68 0.21492
0 7 69 0.408564
0 7 70 0.649402
0 7 71 0.805523
0 7 72 0.773828
0 7 73 0.618131
0 7 74 0.64868
0 7 75 0.587835
0 7 76 0.460551
0 7 77 0.375776
0 7 78 0.301634
0 7 79 0.24699
0 7 80 0.175067
0 7 81 0.131355
0 7 82 0.0603846
0 7 83 -0.0391725
0 7 84 -0.0429334
0 7 85 0.20515
0 7 86 0.00147174
0 7 87 -0.0864398
0 7 88 0.098386
0 7 89 0.121259
0 7 90 0.0702504
0 7 91 -0.0301559
0 7 92 0.207316
0 7 93 0.0203274
0 7 94 0.0875718
0 7 95 -0.11182
0 7 96 -0.0200958
0 7 97 0.0131392
0 7 98 0.103695
0 7 99 -0.0374452
0 7 100 0.1016
0 7 101 -0.0792233
0 7 102 -0.0145026
0 7 103 0.102574
0 7 104 0.0616786
0 7 105 -0.0426553
0 7 106 -0.0101844
0 7 107 -0.0326454
0 7 108 -0.0265653
0 7 109 0.05692
0 7 110 0.0754188
0 7 111 -0.0695949
0 7 112 -0.0107377
0 7 113 0.157864
0 7 114 -0.0224231
0 7 115 0.00404525
0 7 116 -0.00421053
0 7 117 0.045733
0 7 118 -0.0280707
0 7 119 -0.0120373
0 7 120 -0.0110674
0 7 121 0.127382
0 7 122 -0.105369
0 7 123 0.112969
0 7 124 -0.0177717
0 7 125 -0.0263935
0 7 126 0.0454858
0 7 127 0.0134054
0 7 128 0.093047
0 7 129 -0.136901
0 7 130 0.068634
0 7 131 0.0116057
0 7 132 -0.0136732
0 7 133 0.0884826
0 7 134 0.0510331
0 7 135 0.069391
0 7 136 0.0901249
0 7 137 0.0313009
0 7 138 0.0171172
0 7 139 -0.149217
0 7 140 0.145791
0 7 141 0.107381
0 7 142 -0.00453076
0 7 143 -0.100441
0 7 144 0.00403607
0 7 145 0.00138055
0 7 146 -0.00676851
0 7 147 0.0070679
0 7 148 0.0606072
0 7 149 0.0902521
0 7 150 -0.00438306
0 7 151 -0.01672
0 7 152 0.151691
0 7 153 0.109121
0 7 154 -0.0314583
0 7 155 0.0441525
0 7 156 -0.00534956
0 7 157 0.0489307
0 7 158 -0.102916
0 7 159 0.156362
0 7 160 0.113243
0 7 161 0.00414583
0 7 162 0.117881
0 7 163 0.26573
0 7 164 0.0564583
0 7 165 -0.0257061
0 7 166 0.0947959
0 7 167 -0.028628
0 7 168 -0.00172248
0 7 169 0.0698563
0 7 170 -0.0540899
0 7 171 0.124417
0 7 172 -0.0429421
0 7 173 0.0674492
0 7 174 0.119768
0 7 175 0.16119
0 7 176 -0.0685331
0 7 177 -0.101486
0 7 178 -0.0221496
0 7 179 -0.035636
0 7 180 0.0878966
0 7 181 0.0287843
0 7 182 -0.274116
0 7 183 0.0741469
0 7 184 0.0548198
0 7 185 -0.00950096
0 7 186 -0.104227
0 7 187 -0.0748973
0 7 188 -0.103001
0 7 189 -0.0289725
0 7 190 0.0302267
0 7 191 0.0122622
0 7 192 0.0956084
0 7 193 -0.0944697
0 7 194 0.018988
0 7 195 0.0497042
0 7 196 0.0371239
0 7 197 -0.0397102
0 7 198 -0.119525
0 7 199 -0.0144388
0 7 200 0.0313429
0 7 201 0.132516
0 7 202 0.156521
0 7 203 -0.0514212
0 7 204 0.190986
0 7 205 0.130882
0 7 206 -0.0509185
0 7 207 0.163566
0 7 208 0.0743954
0 7 209 0.0140783
0 7 210 -0.0682912
0 7 211 -0.0133514
0 7 212 0.0966522
0 7 213 0.0521232
0 7 214 0.0323882
0 7 215 0.00630293
0 7 216 0.0642876
0 7 217 0.0499544
0 7 218 0.103174
0 7 219 0.11586
0 7 220 -0.0541665
0 7 221 0.0854978
0 7 222 0.0979214
0 7 223 0.0870366
0 7 224 0.0104678
0 7 225 -0.0752556
0 7 226 0.161236
0 7 227 0.270394
0 7 228 -0.00786054
0 7 229 0.00913576
0 7 230 -0.0762594
0 7 231 0.0425988
0 7 232 -0.0446588
0 7 233 -0.0619128
0 7 234 -0.0226867
0 7 235 0.173819
0 7 236 -0.0589602
0 7 237 -0.0840256
0 7 238 0.110032
0 7 239 -0.0543439
0 7 240 -0.0297055
0 7 241 0.00853803
0 7 242 -0.101266
0 7 243 0.0573292
0 7 244 -0.00452175
0 7 245 -0.0776489
0 7 246 0.11191
0 7 247 0.128226
0 7 248 -0.0173012
0 7 249 0.110956
0 7 250 -0.0152456
0 7 251 0.0338484
0 7 252 0.0920957
0 7 253 -0.00919261
0 7 254 -0.166264
0 7 255 0.0252045
