0 16 0 0.228542
0 16 1 0.0603604
0 16 2 -0.00230838
0 16 3 0.0606571
0 16 4 -0.162528
0 16 5 -0.07426
0 16 6 0.258522
0 16 7 0.0560417
0 16 8 -0.118753
0 16 9 -0.0474686
0 16 10 0.093513
0 16 11 -0.0742718
0 16 12 -0.0562404
0 16 13 0.0490623
0 16 14 -0.308012
0 16 15 -0.0316226
0 16 16 0.00222859
0 16 17 -0.123436
0 16 18 0.0324458
0 16 19 0.00138901
0 16 20 0.356226
0 16 21 -0.149342
0 16 22 -0.0742509
0 16 23 0.166219
0 16 24 0.0517472
0 16 25 -0.0245202
0 16 26 0.0787774
0 16 27 -0.00347167
0 16 28 0.0344785
0 16 29 -0.234285
0 16 30 0.0537948
0 16 31 0.0309724
0 16 32 -0.19391
0 16 33 0.161928
0 16 34 0.0533516
0 16 35 -0.0952188
0 16 36 0.153107
0 16 37 0.0524494
0 16 38 -0.0496197
0 16 39 -0.0164398
0 16 40 0.0860531
0 16 41 0.0416353
0 16 42 0.0704465
0 16 43 0.105368
0 16 44 0.28792
0 16 45 -0.0216989
0 16 46 0.197585
0 16 47 -0.0307597
0 16 48 0.0504483
0 16 49 0.260643
0 16 50 0.0814852
0 16 51 -0.0261172
0 16 52 0.0728944
0 16 53 0.0667583
0 16 54 -0.110978
0 16 55 0.211895
0 16 56 -0.00734112
0 16 57 -0.241036
0 16 58 -0.225952
0 16 59 0.0090219
0 16 60 -0.087879
0 16 61 0.0854063
0 16 62 -0.135675
0 16 63 0.40631
0 16 64 0.139445
0 16 65 0.324013
0 16 66 -0.0214739
0 16 67 -0.0308576
0 16 68 0.109687
0 16 69 -0.0694402
0 16 70 -0.146195
0 16 71 -0.139951
0 16 72 -0.0103653
0 16 73 -0.19135
0 16 74 0.11385
0 16 75 0.163693
0 16 76 0.143512
0 16 77 0.259172
0 16 78 -0.0694769
0 16 79 0.015052
0 16 80 -0.0432578
0 16 81 0.224198
0 16 82 0.409995
0 16 83 0.490417
0 16 84 0.818787
0 16 85 0.996016
0 16 86 0.802691
0 16 87 0.489968
0 16 88 0.646562
0 16 89 0.52925
0 16 90 0.222478
0 16 91 0.179498
0 16 92 0.0127772
0 16 93 0.107984
0 16 94 -0.309717
0 16 95 0.0887458
0 16 96 0.110882
0 16 97 -0.272353
0 16 98 -0.027151
0 16 99 0.245438
0 16 100 0.236843
0 16 101 0.029078
0 16 102 -0.0187166
0 16 103 0.0103027
0 16 104 0.181377
0 16 105 0.162326
0 16 106 -0.0579451
0 16 107 -0.106157
0 16 108 0.0588247
0 16 109 0.102857
0 16 110 0.20177
0 16 111 0.222337
0 16 112 -0.0962427
0 16 113 0.012826
0 16 114 0.0378205
0 16 115 -0.139611
0 16 116 -0.107019
0 16 117 0.208566
0 16 118 0.178004
0 16 119 -0.0287151
0 16 120 -0.205281
0 16 121 -0.060951
0 16 122 0.205963
0 16 123 -0.113067
0 16 124 0.184454
0 16 125 -0.0278177
0 16 126 0.0273634
0 16 127 0.133618
0 16 128 0.0573797
0 16 129 0.229905
0 16 130 -0.061872
0 16 131 0.22705
0 16 132 -0.037599
0 16 133 0.0628852
0 16 134 -0.0141494
0 16 135 0.0616691
0 16 136 0.215173
0 16 137 -0.196492
0 16 138 0.0831403
0 16 139 0.014026
0 16 140 -0.010399
0 16 141 -0.228096
0 16 142 0.183735
0 16 143 0.270184
0 16 144 -0.0343288
0 16 145 -0.115447
0 16 146 0.0203975
0 16 147 -0.283952
0 16 148 0.175444
0 16 149 -0.0346312
0 16 150 0.233478
0 16 151 0.0779803
0 16 152 0.175953
0 16 153 -0.0582485
0 16 154 -0.0841556
0 16 155 -0.00238545
0 16 156 -0.166535
0 16 157 -0.0635656
0 16 158 0.0488308
0 16 159 -0.149419
0 16 160 0.0389098
0 16 161 -0.0427651
0 16 162 -0.0860329
0 16 163 0.0339099
0 16 164 0.0857538
0 16 165 -0.0543064
0 16 166 -0.0634681
0 16 167 0.0306484
0 16 168 -0.0200368
0 16 169 0.0220407
0 16 170 -0.117872
0 16 171 0.159763
0 16 172 0.126353
0 16 173 -0.0125309
0 16 174 0.150742
0 16 175 0.0873432
0 16 176 -0.0080256
0 16 177 -0.034996
0 16 178 0.00323453
0 16 179 0.404572
0 16 180 0.0611085
0 16 181 0.125799
0 16 182 0.256895
0 16 183 0.142634
0 16 184 0.205085
0 16 185 0.0215356
0 16 186 -0.217511
0 16 187 -0.135181
0 16 188 -0.0949316
0 16 189 0.0145848
0 16 190 0.265463
0 16 191 -0.0396811
0 16 192 0.195669
0 16 193 0.0527169
0 16 194 0.397444
0 16 195 0.258498
0 16 196 -0.0927209
0 16 197 0.182073
0 16 198 0.0475535
0 16 199 -0.0546265
0 16 200 0.386374
0 16 201 0.269512
0 16 202 0.0712627
0 16 203 -0.0779412
0 16 204 0.0952557
0 16 205 0.12365
0 16 206 -0.00955643
0 16 207 -0.103026
0 16 208 -0.0971953
0 16 209 0.121626
0 16 210 0.23016
0 16 211 -0.216271
0 16 212 0.000554733
0 16 213 -0.134605
0 16 214 0.00790432
0 16 215 0.0435326
0 16 216 -0.106784
0 16 217 -0.0308301
0 16 218 -0.0938249
0 16 219 -0.167679
0 16 220 0.117452
0 16 221 0.0259766
0 16 222 0.176707
0 16 223 0.0526452
0 16 224 -0.0528455
0 16 225 0.102397
0 16 226 0.0706301
0 16 227 0.0941007
0 16 228 0.0359906
0 16 229 -0.135835
0 16 230 0.196835
0 16 231 -0.0183138
0 16 232 0.137418
0 16 233 0.219945
0 16 234 0.117104
0 16 235 0.152003
0 16 236 -0.121974
0 16 237 0.172688
0 16 238 0.0810096
0 16 239 0.121889
0 16 240 0.212661
0 16 241 0.0723287
0 16 242 -0.204007
0 16 243 0.0704084
0 16 244 -0.00873466
0 16 245 0.0704996
0 16 246 -0.0327871
0 16 247 0.150332
0 16 248 0.067536
0 16 249 0.097321
0 16 250 0.0266057
0 16 251 -0.260361
0 16 252 -0.212239
0 16 253 0.00874749
0 16 254 -0.0979263
0 16 255 0.165166
