0 29 0 -0.187487
0 29 1 0.00107289
0 29 2 0.000393276
0 29 3 -0.0913584
0 29 4 -0.0415639
0 29 5 -0.157064
0 29 6 -0.0980455
0 29 7 0.0592289
0 29 8 0.0659878
0 29 9 0.0325215
0 29 10 -0.101003
0 29 11 -0.0187278
0 29 12 -0.0251
0 29 13 0.0393751
0 29 14 0.0833807
0 29 15 -0.0476925
0 29 16 0.0401331
0 29 17 0.0200638
0 29 18 -0.027669
0 29 19 0.0182406
0 29 20 0.0857232
0 29 21 0.00574038
0 29 22 0.0665338
0 29 23 -0.0227792
0 29 24 0.176265
0 29 25 -0.0493174
0 29 26 0.022752
0 29 27 0.11421
0 29 28 -0.142406
0 29 29 -0.0152102
0 29 30 -0.118757
0 29 31 0.148845
0 29 32 -0.0525162
0 29 33 -0.0722748
0 29 34 0.0307168
0 29 35 0.101987
0 29 36 -0.044637
0 29 37 0.0277056
0 29 38 -0.023467
0 29 39 -0.0911185
0 29 40 -0.0326469
0 29 41 -0.0146106
0 29 42 -0.18217
0 29 43 0.0296808
0 29 44 -0.100886
0 29 45 0.0932468
0 29 46 -0.0875907
0 29 47 0.13447
0 29 48 0.0865503
0 29 49 -0.0123204
0 29 50 0.0640813
0 29 51 0.096529
0 29 52 0.181212
0 29 53 0.163979
0 29 54 0.0586282
0 29 55 0.074671
0 29 56 0.0617853
0 29 57 0.0935289
0 29 58 -0.00912246
0 29 59 0.274919
0 29 60 0.117368
0 29 61 0.0593868
0 29 62 -0.21728
0 29 63 -0.0967153
0 29 64 0.131895
0 29 65 0.492374
0 29 66 0.519087
0 29 67 0.25536
0 29 68 0.348767
0 29 69 0.436817
0 29 70 0.0272751
0 29 71 0.0777855
0 29 72 0.0817058
0 29 73 0.251673
0 29 74 0.295514
0 29 75 0.344393
0 29 76 0.0687117
0 29 77 0.357363
0 29 78 0.48463
0 29 79 0.200331
0 29 80 0.378899
0 29 81 0.432775
0 29 82 0.569355
0 29 83 1.06962
0 29 84 1.6593
0 29 85 2.9082
0 29 86 4.30463
0 29 87 6.38658
0 29 88 7.05774
0 29 89 6.31476
0 29 90 5.84786
0 29 91 5.39762
0 29 92 4.4228
0 29 93 3.01019
0 29 94 2.03005
0 29 95 1.39022
0 29 96 0.550353
0 29 97 0.20019
0 29 98 0.160587
0 29 99 -0.00518469
0 29 100 0.109364
0 29 101 0.103307
0 29 102 0.115944
0 29 103 0.0237148
0 29 104 -0.0714891
0 29 105 0.143377
0 29 106 -0.132475
0 29 107 0.106296
0 29 108 -0.0254918
0 29 109 -0.00700763
0 29 110 -0.0355801
0 29 111 0.084553
0 29 112 -0.0138274
0 29 113 0.115641
0 29 114 0.0219574
0 29 115 0.0878216
0 29 116 -0.184946
0 29 117 -0.218669
0 29 118 -0.223871
0 29 119 0.228995
0 29 120 -0.0510838
0 29 121 -0.118978
0 29 122 0.020223
0 29 123 -0.0216156
0 29 124 0.191091
0 29 125 0.0625295
0 29 126 -0.0271402
0 29 127 -0.143297
0 29 128 0.308718
0 29 129 0.0216657
0 29 130 0.134171
0 29 131 -0.0760162
0 29 132 0.0911132
0 29 133 0.0527745
0 29 134 -0.193666
0 29 135 -0.00437655
0 29 136 -0.172269
0 29 137 0.232238
0 29 138 -0.0733553
0 29 139 -0.226595
0 29 140 -0.0573256
0 29 141 0.0518206
0 29 142 0.0154117
0 29 143 -0.0113248
0 29 144 0.200211
0 29 145 0.0561179
0 29 146 0.0497048
0 29 147 -0.109511
0 29 148 0.0101755
0 29 149 0.198167
0 29 150 -0.188677
0 29 151 -0.0492912
0 29 152 0.130291
0 29 153 0.0785722
0 29 154 -0.172279
0 29 155 -0.0111149
0 29 156 -0.21273
0 29 157 -0.00571159
0 29 158 -0.0654385
0 29 159 -0.0606408
0 29 160 -0.154683
0 29 161 0.0946082
0 29 162 -0.000147255
0 29 163 0.00921673
0 29 164 0.0160692
0 29 165 -0.0357343
0 29 166 -0.0401178
0 29 167 -0.0106902
0 29 168 0.0291811
0 29 169 0.0102912
0 29 170 0.126318
0 29 171 -0.257574
0 29 172 -0.0863879
0 29 173 -0.110639
0 29 174 -0.0339648
0 29 175 0.0531456
0 29 176 -0.140929
0 29 177 0.162523
0 29 178 -0.0032122
0 29 179 -0.131491
0 29 180 0.109561
0 29 181 0.238217
0 29 182 -0.162352
0 29 183 -0.0718722
0 29 184 -0.00302336
0 29 185 0.0366158
0 29 186 0.0121937
0 29 187 0.193313
0 29 188 -0.211776
0 29 189 0.161784
0 29 190 0.0193927
0 29 191 0.037603
0 29 192 -0.116559
0 29 193 -0.060895
0 29 194 0.0894331
0 29 195 -0.05258
0 29 196 -0.0278727
0 29 197 0.174409
0 29 198 0.0292562
0 29 199 -0.187027
0 29 200 -0.0906805
0 29 201 0.241272
0 29 202 0.0486818
0 29 203 -0.0311457
0 29 204 0.13551
0 29 205 0.0745044
0 29 206 -0.00367982
0 29 207 -0.145311
0 29 208 0.129364
0 29 209 -0.173298
0 29 210 -0.0760025
0 29 211 0.0805864
0 29 212 -0.22482
0 29 213 -0.125924
0 29 214 0.0152984
0 29 215 0.338649
0 29 216 0.0825424
0 29 217 0.0952548
0 29 218 -0.0828587
0 29 219 -0.0195223
0 29 220 0.0811057
0 29 221 -0.0136587
0 29 222 0.208802
0 29 223 0.0244476
0 29 224 -0.100004
0 29 225 0.0270505
0 29 226 0.0553234
0 29 227 0.0837579
0 29 228 0.176714
0 29 229 -0.0423247
0 29 230 -0.00190523
0 29 231 -0.225338
0 29 232 -0.17634
0 29 233 -0.122799
0 29 234 -0.0687629
0 29 235 0.0524372
0 29 236 0.081523
0 29 237 0.0402719
0 29 238 -0.124026
0 29 239 -0.0184225
0 29 240 -0.090533
0 29 241 0.00466652
0 29 242 -0.155666
0 29 243 -0.0472494
0 29 244 -0.276199
0 29 245 0.0314635
0 29 246 -0.00594342
0 29 247 0.0135753
0 29 248 -0.052535
0 29 249 0.105183
0 29 250 0.0793516
0 29 251 -0.0210406
0 29 252 -0.0284146
0 29 253 0.0274495
0 29 254 -0.0249673
0 29 255 0.125718
