0 10 0 0.109373
0 10 1 0.0992592
0 10 2 0.223863
0 10 3 0.183188
0 10 4 0.00855182
0 10 5 -0.10849
0 10 6 -0.00146096
0 10 7 -0.0553895
0 10 8 0.119146
0 10 9 0.214854
0 10 10 0.0306768
0 10 11 -0.0353138
0 10 12 0.0259555
0 10 13 -0.00317111
0 10 14 -0.0264085
0 10 15 0.000716449
0 10 16 0.0156371
0 10 17 0.116759
0 10 18 0.220686
0 10 19 -0.176815
0 10 20 0.0609581
0 10 21 0.105283
0 10 22 0.122171
0 10 23 -0.0784945
0 10 24 0.169394
0 10 25 0.17582
0 10 26 -0.131336
0 10 27 -0.00611796
0 10 28 -0.0454197
0 10 29 -0.164187
0 10 30 0.225042
0 10 31 -0.106011
0 10 32 0.146106
0 10 33 0.0662855
0 10 34 0.177769
0 10 35 -0.238399
0 10 36 0.167703
0 10 37 -0.0238904
0 10 38 0.033079
0 10 39 -0.0106325
0 10 40 -0.0486481
0 10 41 -0.105606
0 10 42 -0.335848
0 10 43 -0.0919481
0 10 44 -0.00990206
0 10 45 0.0456178
0 10 46 -0.184346
0 10 47 0.0292151
0 10 48 0.0157219
0 10 49 -0.0548771
0 10 50 -0.0235383
0 10 51 0.101039
0 10 52 -0.124393
0 10 53 -0.0764657
0 10 54 0.0811593
0 10 55 -0.0212138
0 10 56 -0.0521663
0 10 57 0.146066
0 10 58 0.038423
0 10 59 -0.0864367
0 10 60 0.0149195
0 10 61 -0.15856
0 10 62 -0.0954304
0 10 63 -0.0832437
0 10 64 0.0524667
0 10 65 -0.0294646
0 10 66 0.195188
0 10 67 -0.0946368
0 10 68 -0.0632507
0 10 69 0.0878698
0 10 70 -0.194483
0 10 71 -0.0689648
0 10 72 0.1925
0 10 73 -0.0925787
0 10 74 -0.164318
0 10 75 0.0682616
0 10 76 0.183811
0 10 77 -0.121594
0 10 78 -0.28108
0 10 79 0.0583118
0 10 80 -0.00347117
0 10 81 0.005326
0 10 82 0.0553525
0 10 83 0.114803
0 10 84 -0.0424862
0 10 85 -0.0420844
0 10 86 0.249643
0 10 87 0.132936
0 10 88 -0.0472369
0 10 89 -0.118425
0 10 90 -0.059086
0 10 91 -0.129008
0 10 92 -0.0421833
0 10 93 -0.0702828
0 10 94 -0.0370776
0 10 95 0.0533354
0 10 96 -0.0946864
0 10 97 0.0127764
0 10 98 -0.0421282
0 10 99 0.150159
0 10 100 0.0172078
0 10 101 0.145606
0 10 102 0.0185693
0 10 103 0.0745774
0 10 104 0.00525446
0 10 105 0.0200824
0 10 106 0.0365866
0 10 107 -0.130347
0 10 108 -0.0336691
0 10 109 0.100835
0 10 110 -0.172985
0 10 111 -0.0110182
0 10 112 -0.0395956
0 10 113 0.04979
0 10 114 0.0130123
0 10 115 0.027977
0 10 116 0.115429
0 10 117 -0.096658
0 10 118 0.121826
0 10 119 -0.208712
0 10 120 0.0501881
0 10 121 -0.0233611
0 10 122 0.0966356
0 10 123 -0.0322558
0 10 124 0.11241
0 10 125 -0.0442221
0 10 126 0.0687428
0 10 127 -0.164183
0 10 128 0.0443791
0 10 129 -0.000571725
0 10 130 0.13158
0 10 131 -0.0347953
0 10 132 -0.0145483
0 10 133 0.0240858
0 10 134 -0.031386
0 10 135 -0.0292542
0 10 136 0.0677615
0 10 137 0.101981
0 10 138 0.024781
0 10 139 0.0986373
0 10 140 0.0291113
0 10 141 -0.0750188
0 10 142 0.0910092
0 10 143 -0.00241243
0 10 144 0.0921123
0 10 145 0.138246
0 10 146 0.211724
0 10 147 0.400443
0 10 148 0.393833
0 10 149 0.700682
0 10 150 1.05355
0 10 151 1.30386
0 10 152 1.1697
0 10 153 1.24048
0 10 154 1.01914
0 10 155 1.03002
0 10 156 0.685706
0 10 157 0.567266
0 10 158 0.506261
0 10 159 0.337678
0 10 160 0.21749
0 10 161 0.240472
0 10 162 -0.0580543
0 10 163 0.021805
0 10 164 -0.169369
0 10 165 0.301142
0 10 166 0.0820777
0 10 167 0.0691734
0 10 168 -0.0421719
0 10 169 -0.0467826
0 10 170 -0.103123
0 10 171 0.0787565
0 10 172 -0.0599583
0 10 173 -0.119155
0 10 174 0.0496342
0 10 175 0.130662
0 10 176 -0.289607
0 10 177 -0.0269911
0 10 178 -0.0651144
0 10 179 0.259181
0 10 180 0.0251522
0 10 181 -0.0212421
0 10 182 -0.0556146
0 10 183 -0.0989147
0 10 184 -0.0655712
0 10 185 -0.200621
0 10 186 0.089725
0 10 187 -0.00957892
0 10 188 -0.117817
0 10 189 -0.00697993
0 10 190 0.00128039
0 10 191 -0.0196502
0 10 192 0.134017
0 10 193 -0.122456
0 10 194 -0.111643
0 10 195 0.0607603
0 10 196 0.0982037
0 10 197 0.256809
0 10 198 0.128754
0 10 199 -0.020166
0 10 200 -0.0621031
0 10 201 0.0745504
0 10 202 -0.1299
0 10 203 0.0509143
0 10 204 -0.114183
0 10 205 -0.0562956
0 10 206 -0.0354045
0 10 207 -0.0899856
0 10 208 -0.112085
0 10 209 0.0813429
0 10 210 0.188984
0 10 211 0.0834322
0 10 212 -0.237595
0 10 213 -0.0788432
0 10 214 0.13828
0 10 215 -0.0465686
0 10 216 0.090199
0 10 217 -0.0339509
0 10 218 0.0355804
0 10 219 0.00430187
0 10 220 -0.1426
0 10 221 0.0505136
0 10 222 -0.192444
0 10 223 0.181984
0 10 224 0.000298462
0 10 225 -0.0238447
0 10 226 -0.0634468
0 10 227 -0.0445947
0 10 228 0.0436794
0 10 229 0.0491093
0 10 230 -0.166015
0 10 231 -0.0207091
0 10 232 -0.0344378
0 10 233 -0.0184379
0 10 234 -0.00248446
0 10 235 -0.0228974
0 10 236 -0.0883477
0 10 237 -0.0366444
0 10 238 -0.0287248
0 10 239 0.102256
0 10 240 0.270849
0 10 241 -0.155856
0 10 242 0.0585159
0 10 243 -0.0859618
0 10 244 -0.119015
0 10 245 -0.0210545
0 10 246 -0.00158941
0 10 247 -0.0236847
0 10 248 -0.256395
0 10 249 -0.0176122
0 10 250 -0.166481
0 10 251 -0.140512
0 10 252 0.0848435
0 10 253 -0.163268
0 10 254 0.230505
0 10 255 0.015102
