0 25 0 -0.0213701
0 25 1 -0.00142983
0 25 2 0.117782
0 25 3 -0.102413
0 25 4 -0.0737639
0 25 5 0.0943435
0 25 6 -0.026006
0 25 7 0.00810862
0 25 8 -0.0305621
0 25 9 0.128282
0 25 10 0.223655
0 25 11 0.0600039
0 25 12 -0.14959
0 25 13 0.0314205
0 25 14 0.0567122
0 25 15 -0.211444
0 25 16 0.0411963
0 25 17 0.23172
0 25 18 -0.170623
0 25 19 -0.043893
0 25 20 -0.221329
0 25 21 -0.12503
0 25 22 0.0966926
0 25 23 0.0858294
0 25 24 0.129653
0 25 25 -0.442148
0 25 26 -0.0963489
0 25 27 0.0167941
0 25 28 -0.293456
0 25 29 0.0648247
0 25 30 -0.0848448
0 25 31 -0.0198211
0 25 32 -0.313454
0 25 33 0.0245749
0 25 34 0.265138
0 25 35 -0.120678
0 25 36 -0.160581
0 25 37 -0.0280118
0 25 38 -0.206429
0 25 39 0.131532
0 25 40 0.269827
0 25 41 0.189968
0 25 42 0.302271
0 25 43 0.0237198
0 25 44 -0.192726
0 25 45 -0.18242
0 25 46 -0.16072
0 25 47 -0.166885
0 25 48 0.173909
0 25 49 -0.160763
0 25 50 0.168428
0 25 51 0.0231959
0 25 52 -0.0135933
0 25 53 0.183467
0 25 54 -0.414393
0 25 55 -0.0506331
0 25 56 0.178615
0 25 57 -0.0367138
0 25 58 -0.501002
0 25 59 0.0209535
0 25 60 -0.483256
0 25 61 0.173138
0 25 62 0.0489954
0 25 63 0.229649
0 25 64 0.218657
0 25 65 0.293402
0 25 66 0.321105
0 25 67 -0.0661637
0 25 68 -0.0166464
0 25 69 0.104725
0 25 70 0.0840949
0 25 71 0.0176995
0 25 72 -0.0125752
0 25 73 0.162739
0 25 74 0.0689937
0 25 75 -0.368078
0 25 76 0.24566
0 25 77 -0.23724
0 25 78 -0.337699
0 25 79 -0.27055
0 25 80 -0.504622
0 25 81 0.213048
0 25 82 0.0132024
0 25 83 -0.0155838
0 25 84 -0.15646
0 25 85 0.195257
0 25 86 -0.184429
0 25 87 0.108244
0 25 88 -0.022847
0 25 89 0.0467719
0 25 90 0.13374
0 25 91 -0.107668
0 25 92 0.0427611
0 25 93 -0.19328
0 25 94 0.0999724
0 25 95 -0.200701
0 25 96 -0.0199214
0 25 97 -0.0557077
0 25 98 -0.105306
0 25 99 -0.0301399
0 25 100 -0.211579
0 25 101 0.118152
0 25 102 -0.053817
0 25 103 -0.0368563
0 25 104 -0.125019
0 25 105 -0.0230569
0 25 106 0.0863381
0 25 107 -0.481386
0 25 108 -0.0948928
0 25 109 0.485679
0 25 110 0.0779569
0 25 111 0.0719474
0 25 112 -0.0513978
0 25 113 0.0619125
0 25 114 0.0663979
0 25 115 -0.0735127
0 25 116 -0.127419
0 25 117 -0.0953746
0 25 118 0.0440723
0 25 119 0.11905
0 25 120 0.267376
0 25 121 0.139826
0 25 122 0.535095
0 25 123 -0.0620715
0 25 124 0.0933362
0 25 125 0.212243
0 25 126 -0.0785869
0 25 127 -0.145785
0 25 128 0.203681
0 25 129 -0.0364128
0 25 130 0.152526
0 25 131 0.171353
0 25 132 0.48928
0 25 133 0.00647463
0 25 134 0.150475
0 25 135 0.372749
0 25 136 0.35707
0 25 137 0.419876
0 25 138 0.998909
0 25 139 1.14749
0 25 140 2.06547
0 25 141 2.76376
0 25 142 3.6203
0 25 143 3.88509
0 25 144 3.41678
0 25 145 2.90632
0 25 146 2.96002
0 25 147 2.21252
0 25 148 1.14928
0 25 149 1.35388
0 25 150 0.754901
0 25 151 0.577526
0 25 152 0.0233834
0 25 153 -0.118951
0 25 154 -0.332443
0 25 155 0.112329
0 25 156 0.123046
0 25 157 0.105683
0 25 158 0.0834422
0 25 159 0.261091
0 25 160 0.164941
0 25 161 -0.147713
0 25 162 -0.373529
0 25 163 0.193607
0 25 164 -0.11189
0 25 165 -0.0974707
0 25 166 -0.346657
0 25 167 0.268571
0 25 168 0.0973376
0 25 169 -0.131862
0 25 170 -0.221921
0 25 171 0.0205957
0 25 172 0.170907
0 25 173 -0.374343
0 25 174 -0.41798
0 25 175 -0.122159
0 25 176 -0.194961
0 25 177 0.0863477
0 25 178 0.229515
0 25 179 0.104558
0 25 180 -0.0952179
0 25 181 -0.0312432
0 25 182 0.244856
0 25 183 -0.0531435
0 25 184 -0.398443
0 25 185 -0.379479
0 25 186 0.08768
0 25 187 0.127321
0 25 188 0.00789431
0 25 189 -0.134926
0 25 190 -0.0770481
0 25 191 -0.175743
0 25 192 0.0359838
0 25 193 -0.189311
0 25 194 0.0885477
0 25 195 0.356089
0 25 196 0.0376007
0 25 197 -0.258473
0 25 198 -0.155935
0 25 199 0.318313
0 25 200 -0.257374
0 25 201 0.1758
0 25 202 -0.287684
0 25 203 0.0971964
0 25 204 0.13981
0 25 205 -0.0101528
0 25 206 -0.379168
0 25 207 0.260371
0 25 208 0.126991
0 25 209 -0.0356457
0 25 210 -0.11075
0 25 211 -0.0553819
0 25 212 -0.363002
0 25 213 -0.113276
0 25 214 -0.110999
0 25 215 -0.0606005
0 25 216 -0.0355006
0 25 217 0.470964
0 25 218 -0.0523345
0 25 219 -0.0970939
0 25 220 -0.0424172
0 25 221 0.142715
0 25 222 0.0495199
0 25 223 0.0409183
0 25 224 -0.247216
0 25 225 0.076162
0 25 226 0.121522
0 25 227 -0.0989098
0 25 228 -0.156001
0 25 229 0.045149
0 25 230 0.0870525
0 25 231 0.260448
0 25 232 0.281322
0 25 233 -0.108712
0 25 234 0.019456
0 25 235 0.330437
0 25 236 -0.0120326
0 25 237 0.160795
0 25 238 -0.111705
0 25 239 -0.0838665
0 25 240 -0.180169
0 25 241 -0.109354
0 25 242 0.112399
0 25 243 -0.0776713
0 25 244 -0.00688854
0 25 245 0.0506581
0 25 246 -0.265691
0 25 247 0.212047
0 25 248 -0.152258
0 25 249 0.0493435
0 25 250 0.265967
0 25 251 -0.00301424
0 25 252 0.241317
0 25 253 -0.0916875
0 25 254 0.138752
0 25 255 0.0531482
