0 22 0 -0.121569
0 22 1 -0.169437
0 22 2 -0.45646
0 22 3 -0.0641302
0 22 4 0.015427
0 22 5 -0.245609
0 22 6 -0.000190837
0 22 7 -0.0133018
0 22 8 0.0477413
0 22 9 0.00227469
0 22 10 0.00263682
0 22 11 -0.127655
0 22 12 0.191263
0 22 13 -0.344268
0 22 14 -0.0285121
0 22 15 -0.0318613
0 22 16 0.050714
0 22 17 -0.420091
0 22 18 -0.0441671
0 22 19 0.0182303
0 22 20 -0.0855533
0 22 21 0.288574
0 22 22 -0.0756088
0 22 23 0.305951
0 22 24 0.0387559
0 22 25 0.108742
0 22 26 0.044006
0 22 27 -0.0286791
0 22 28 0.0399857
0 22 29 -0.0274442
0 22 30 0.0899912
0 22 31 0.275475
0 22 32 0.350006
0 22 33 0.180287
0 22 34 0.312724
0 22 35 0.0481814
0 22 36 -0.231005
0 22 37 0.191691
0 22 38 -0.109894
0 22 39 -0.209913
0 22 40 -0.130229
0 22 41 -0.142357
0 22 42 0.19825
0 22 43 0.156901
0 22 44 0.0413548
0 22 45 0.0203846
0 22 46 0.309899
0 22 47 0.104107
0 22 48 0.191214
0 22 49 -0.344292
0 22 50 -0.455016
0 22 51 0.0119808
0 22 52 0.0577563
0 22 53 0.163845
0 22 54 -0.0994211
0 22 55 -0.0115121
0 22 56 0.0223416
0 22 57 0.0438655
0 22 58 -0.0155891
0 22 59 0.286195
0 22 60 -0.000755099
0 22 61 0.29634
0 22 62 0.00251559
0 22 63 0.0730294
0 22 64 -0.171912
0 22 65 0.347347
0 22 66 0.0448905
0 22 67 0.0980247
0 22 68 -0.22467
0 22 69 -0.0771403
0 22 70 -0.217632
0 22 71 -0.117374
0 22 72 -0.0571489
0 22 73 -0.174866
0 22 74 0.262935
0 22 75 0.202298
0 22 76 -0.0871095
0 22 77 -0.0480076
0 22 78 -0.239224
0 22 79 -0.264288
0 22 80 -0.297162
0 22 81 -0.0452671
0 22 82 0.149778
0 22 83 -0.31507
0 22 84 -0.0440994
0 22 85 0.303989
0 22 86 0.156907
0 22 87 0.238248
0 22 88 0.120733
0 22 89 0.205507
0 22 90 0.188847
0 22 91 -0.0546127
0 22 92 -0.0509179
0 22 93 0.090787
0 22 94 -0.0823069
0 22 95 0.0670413
0 22 96 0.0956794
0 22 97 0.130157
0 22 98 -0.0375945
0 22 99 -0.113575
0 22 100 -0.233205
0 22 101 -0.298922
0 22 102 -0.156218
0 22 103 -0.00367182
0 22 104 0.0378536
0 22 105 0.0529261
0 22 106 -0.1011
0 22 107 0.16326
0 22 108 -0.30808
0 22 109 -0.0819254
0 22 110 -0.0640757
0 22 111 0.0959047
0 22 112 0.16563
0 22 113 0.014278
0 22 114 0.013487
0 22 115 -0.120035
0 22 116 -0.262024
0 22 117 0.320636
0 22 118 -0.232493
0 22 119 0.175163
0 22 120 0.0814472
0 22 121 0.128005
0 22 122 0.0422964
0 22 123 -0.179919
0 22 124 0.269449
0 22 125 -0.0292517
0 22 126 0.0200782
0 22 127 0.14164
0 22 128 0.186914
0 22 129 -0.307435
0 22 130 -0.015828
0 22 131 0.119524
0 22 132 0.0246873
0 22 133 -0.0151157
0 22 134 -0.173448
0 22 135 0.204944
0 22 136 -0.214503
0 22 137 0.143029
0 22 138 -0.0145528
0 22 139 0.312981
0 22 140 0.425292
0 22 141 0.875628
0 22 142 1.14285
0 22 143 1.75612
0 22 144 2.20977
0 22 145 1.70815
0 22 146 1.89146
0 22 147 1.88177
0 22 148 1.56073
0 22 149 1.029
0 22 150 0.637783
0 22 151 0.146563
0 22 152 0.211875
0 22 153 0.00853339
0 22 154 0.131595
0 22 155 -0.112371
0 22 156 0.0520649
0 22 157 0.121451
0 22 158 0.156647
0 22 159 0.00417025
0 22 160 0.0963453
0 22 161 -0.14525
0 22 162 -0.325804
0 22 163 0.105776
0 22 164 0.164538
0 22 165 0.103709
0 22 166 -0.133217
0 22 167 -0.268349
0 22 168 0.468885
0 22 169 0.0746754
0 22 170 -0.0253527
0 22 171 -0.0753748
0 22 172 0.0881176
0 22 173 0.0361986
0 22 174 0.321264
0 22 175 -0.115305
0 22 176 -0.327018
0 22 177 0.198953
0 22 178 0.17409
0 22 179 -0.0534446
0 22 180 -0.396735
0 22 181 -0.0509867
0 22 182 -0.134955
0 22 183 -0.139853
0 22 184 -0.157033
0 22 185 -0.143097
0 22 186 0.0354663
0 22 187 -0.0127791
0 22 188 -0.26638
0 22 189 -0.13083
0 22 190 0.0928936
0 22 191 0.0277663
0 22 192 0.0813969
0 22 193 -0.208193
0 22 194 -0.0702806
0 22 195 0.142837
0 22 196 -0.184406
0 22 197 0.144234
0 22 198 0.231778
0 22 199 -0.0283351
0 22 200 0.10861
0 22 201 0.0492348
0 22 202 0.136908
0 22 203 0.114301
0 22 204 -0.138269
0 22 205 -0.328684
0 22 206 -0.269933
0 22 207 0.0361913
0 22 208 -0.0401996
0 22 209 -0.0661114
0 22 210 0.160931
0 22 211 -0.0378577
0 22 212 -0.0192413
0 22 213 0.147937
0 22 214 -0.00326121
0 22 215 0.0464614
0 22 216 0.204236
0 22 217 0.446517
0 22 218 0.224516
0 22 219 0.257304
0 22 220 -0.105478
0 22 221 0.0392796
0 22 222 0.126997
0 22 223 0.121602
0 22 224 -0.080436
0 22 225 0.0835509
0 22 226 -0.0752809
0 22 227 -0.00765641
0 22 228 0.14014
0 22 229 0.127448
0 22 230 0.0663099
0 22 231 -0.305649
0 22 232 -0.0586236
0 22 233 0.210094
0 22 234 -0.096967
0 22 235 -0.0258088
0 22 236 -0.226774
0 22 237 -0.13322
0 22 238 0.140131
0 22 239 -0.389153
0 22 240 -0.0207963
0 22 241 0.0999574
0 22 242 -0.239439
0 22 243 0.0161847
0 22 244 0.198628
0 22 245 0.0232864
0 22 246 0.175394
0 22 247 0.180966
0 22 248 0.178363
0 22 249 0.0222144
0 22 250 0.014144
0 22 251 0.246108
0 22 252 -0.233153
0 22 253 -0.0683941
0 22 254 0.192699
0 22 255 -0.099625
