0 23 0 -0.198684
0 23 1 0.231369
0 23 2 -0.0277261
0 23 3 0.00211654
0 23 4 -0.253113
0 23 5 0.209347
0 23 6 -0.00855892
0 23 7 -0.0246397
0 23 8 -0.0100099
0 23 9 0.124247
0 23 10 -0.163753
0 23 11 -0.0258922
0 23 12 -0.226031
0 23 13 -0.0609843
0 23 14 -0.170591
0 23 15 0.0357137
0 23 16 -0.08374
0 23 17 -0.133912
0 23 18 0.1273
0 23 19 -0.191083
0 23 20 0.277016
0 23 21 0.326364
0 23 22 0.022773
0 23 23 -0.150078
0 23 24 -0.07099
0 23 25 -0.100637
0 23 26 0.0115782
0 23 27 0.258042
0 23 28 -0.0315761
0 23 29 0.234489
0 23 30 -0.0479655
0 23 31 -0.126731
0 23 32 0.0380024
0 23 33 0.0993614
0 23 34 0.112824
0 23 35 0.0162273
0 23 36 -0.130683
0 23 37 -0.266283
0 23 38 -0.175328
0 23 39 -0.119021
0 23 40 -0.0753791
0 23 41 0.147011
0 23 42 -0.0510367
0 23 43 0.118896
0 23 44 -0.055589
0 23 45 0.0164889
0 23 46 -0.282801
0 23 47 -0.228332
0 23 48 -0.0963707
0 23 49 0.173736
0 23 50 -0.05996
0 23 51 0.0828301
0 23 52 -0.097573
0 23 53 0.0975932
0 23 54 -0.100121
0 23 55 0.0753447
0 23 56 0.171894
0 23 57 0.434802
0 23 58 -0.0242341
0 23 59 0.104553
0 23 60 -0.139167
0 23 61 -0.167487
0 23 62 0.137514
0 23 63 0.074204
0 23 64 -0.194653
0 23 65 -0.158141
0 23 66 0.139824
0 23 67 0.0685433
0 23 68 -0.0840321
0 23 69 -0.0466481
0 23 70 0.166193
0 23 71 -0.100292
0 23 72 -0.0219844
0 23 73 -0.0286651
0 23 74 -0.181756
0 23 75 0.113926
0 23 76 0.164294
0 23 77 0.027196
0 23 78 0.121057
0 23 79 -0.0629329
0 23 80 -0.182907
0 23 81 0.0208545
0 23 82 -0.0575624
0 23 83 -0.301122
0 23 84 -0.0357449
0 23 85 -0.0223816
0 23 86 0.174172
0 23 87 0.217071
0 23 88 0.147946
0 23 89 0.173077
0 23 90 0.0605997
0 23 91 0.0330265
0 23 92 0.0324717
0 23 93 -0.141234
0 23 94 -0.157189
0 23 95 0.00658368
0 23 96 0.0497226
0 23 97 0.0467872
0 23 98 -0.0842946
0 23 99 -0.0251184
0 23 100 0.366423
0 23 101 0.0619837
0 23 102 -0.126851
0 23 103 0.175053
0 23 104 0.0561308
0 23 105 -0.0913888
0 23 106 0.0669202
0 23 107 0.052015
0 23 108 -0.0969218
0 23 109 -0.0383568
0 23 110 0.218627
0 23 111 0.0503551
0 23 112 -0.00168026
0 23 113 -0.0203081
0 23 114 -0.188796
0 23 115 -0.0621257
0 23 116 0.230694
0 23 117 0.0247616
0 23 118 -0.273525
0 23 119 0.132481
0 23 120 -0.169186
0 23 121 0.145834
0 23 122 -0.0512826
0 23 123 -0.207593
0 23 124 0.0333293
0 23 125 -0.122342
0 23 126 -0.373449
0 23 127 0.431293
0 23 128 0.16293
0 23 129 -0.084329
0 23 130 0.133665
0 23 131 0.171952
0 23 132 -0.0485748
0 23 133 -0.0296528
0 23 134 0.0780603
0 23 135 0.0594073
0 23 136 0.288635
0 23 137 0.198044
0 23 138 0.499477
0 23 139 0.504786
0 23 140 0.793246
0 23 141 0.997754
0 23 142 1.71852
0 23 143 1.75077
0 23 144 1.9781
0 23 145 1.59852
0 23 146 1.23946
0 23 147 1.15223
0 23 148 0.846568
0 23 149 0.348515
0 23 150 -0.157419
0 23 151 0.059116
0 23 152 0.40661
0 23 153 0.254966
0 23 154 0.279183
0 23 155 0.156528
0 23 156 0.185281
0 23 157 -0.151771
0 23 158 -0.222573
0 23 159 -0.265627
0 23 160 0.0633383
0 23 161 -0.00267783
0 23 162 -0.0144047
0 23 163 -0.00161537
0 23 164 0.0600178
0 23 165 -0.0498566
0 23 166 0.0427212
0 23 167 -0.223621
0 23 168 -0.00171802
0 23 169 -0.25725
0 23 170 0.0882331
0 23 171 0.0938278
0 23 172 0.141046
0 23 173 -0.0536612
0 23 174 0.186558
0 23 175 0.13771
0 23 176 -0.131067
0 23 177 -0.238835
0 23 178 -0.0878782
0 23 179 0.0589909
0 23 180 0.206936
0 23 181 -0.184726
0 23 182 0.269337
0 23 183 0.305709
0 23 184 -0.204731
0 23 185 0.0466032
0 23 186 -0.00128924
0 23 187 -0.0670168
0 23 188 0.0764506
0 23 189 0.351835
0 23 190 -0.224827
0 23 191 -0.0238867
0 23 192 -0.350607
0 23 193 0.152951
0 23 194 0.297533
0 23 195 -0.0151234
0 23 196 -0.0768823
0 23 197 -0.119272
0 23 198 0.00543758
0 23 199 0.0400685
0 23 200 -0.0513304
0 23 201 -0.00634375
0 23 202 0.150751
0 23 203 0.14475
0 23 204 -0.0881339
0 23 205 -0.340381
0 23 206 0.291181
0 23 207 0.298755
0 23 208 -0.0254608
0 23 209 -0.00944071
0 23 210 0.149466
0 23 211 0.0791856
0 23 212 -0.266958
0 23 213 0.41442
0 23 214 0.353641
0 23 215 -0.208545
0 23 216 0.20917
0 23 217 -0.127668
0 23 218 -0.0242336
0 23 219 0.151942
0 23 220 -0.319927
0 23 221 -0.247197
0 23 222 0.116978
0 23 223 0.0614966
0 23 224 0.0278971
0 23 225 0.285155
0 23 226 -0.217614
0 23 227 0.0387698
0 23 228 -0.187804
0 23 229 0.054647
0 23 230 -0.167235
0 23 231 -0.0758385
0 23 232 -0.2321
0 23 233 -0.0699896
0 23 234 0.0144054
0 23 235 0.0159939
0 23 236 -0.10681
0 23 237 0.037799
0 23 238 -0.0997891
0 23 239 -0.0180652
0 23 240 -0.157323
0 23 241 -0.280731
0 23 242 -0.27147
0 23 243 -0.188082
0 23 244 0.218636
0 23 245 0.245249
0 23 246 -0.293643
0 23 247 0.173069
0 23 248 0.0616186
0 23 249 -0.0339924
0 23 250 -0.367914
0 23 251 -0.0931928
0 23 252 0.0816272
0 23 253 0.164239
0 23 254 0.0459411
0 23 255 -0.0937199
