0 17 0 0.14249
0 17 1 -0.0216652
0 17 2 0.0963761
0 17 3 0.365373
0 17 4 -0.0171991
0 17 5 -0.0972989
0 17 6 0.00713429
0 17 7 0.0743174
0 17 8 -0.0514259
0 17 9 0.0822031
0 17 10 0.0081734
0 17 11 -0.126051
0 17 12 -0.102292
0 17 13 -0.0730806
0 17 14 0.286573
0 17 15 -0.134473
0 17 16 0.0421865
0 17 17 -0.0922622
0 17 18 0.0221457
0 17 19 -0.181473
0 17 20 -0.147015
0 17 21 0.0869605
0 17 22 -0.0576958
0 17 23 0.243549
0 17 24 -0.126085
0 17 25 0.0722513
0 17 26 0.262775
0 17 27 0.0043211
0 17 28 0.283041
0 17 29 -0.0114916
0 17 30 0.251383
0 17 31 -0.0426403
0 17 32 0.236354
0 17 33 0.195997
0 17 34 0.063718
0 17 35 0.269875
0 17 36 0.177031
0 17 37 -0.0341878
0 17 38 0.0381785
0 17 39 0.0431392
0 17 40 -0.0076343
0 17 41 0.0435161
0 17 42 -0.0595663
0 17 43 0.0677815
0 17 44 0.259992
0 17 45 -0.0727573
0 17 46 0.305795
0 17 47 -0.0158152
0 17 48 -0.181832
0 17 49 0.110761
0 17 50 -0.113043
0 17 51 0.368795
0 17 52 0.202017
0 17 53 0.0189894
0 17 54 -0.180067
0 17 55 -0.145386
0 17 56 -0.122859
0 17 57 0.0108705
0 17 58 0.279665
0 17 59 0.0999604
0 17 60 0.186793
0 17 61 -0.03234
0 17 62 0.123862
0 17 63 0.0342315
0 17 64 -0.215797
0 17 65 -0.0657705
0 17 66 0.191171
0 17 67 -0.00998606
0 17 68 0.148859
0 17 69 -0.185678
0 17 70 0.185157
0 17 71 -0.0994379
0 17 72 -0.0410642
0 17 73 0.101578
0 17 74 0.0139577
0 17 75 -0.0200989
0 17 76 -0.0945033
0 17 77 0.10046
0 17 78 0.195009
0 17 79 -0.131113
0 17 80 -0.121355
0 17 81 -0.0205809
0 17 82 0.0403239
0 17 83 0.0388382
0 17 84 0.0892286
0 17 85 -0.0865195
0 17 86 0.176355
0 17 87 -0.0318481
0 17 88 -0.0832595
0 17 89 0.0058685
0 17 90 0.164529
0 17 91 -0.0430378
0 17 92 -0.039276
0 17 93 -0.0207647
0 17 94 0.0965338
0 17 95 0.124055
0 17 96 0.096517
0 17 97 0.00536972
0 17 98 -0.0353019
0 17 99 0.285935
0 17 100 -0.248481
0 17 101 0.10495
0 17 102 0.00979818
0 17 103 -0.0158022
0 17 104 -0.142891
0 17 105 -0.0876558
0 17 106 -0.129996
0 17 107 -0.0832378
0 17 108 -0.0891627
0 17 109 0.0999449
0 17 110 -0.0411149
0 17 111 0.0380267
0 17 112 -0.00675149
0 17 113 -0.0490276
0 17 114 -0.0501738
0 17 115 0.116513
0 17 116 -0.0494798
0 17 117 -0.113578
0 17 118 -0.0993789
0 17 119 -0.0627054
0 17 120 -0.0250167
0 17 121 -0.0148091
0 17 122 0.106603
0 17 123 -0.100024
0 17 124 -0.0289529
0 17 125 0.0262765
0 17 126 -0.0601316
0 17 127 -0.0297842
0 17 128 0.0375321
0 17 129 0.188333
0 17 130 -0.024918
0 17 131 0.0409614
0 17 132 -0.145486
0 17 133 0.15819
0 17 134 -0.207973
0 17 135 0.05131
0 17 136 -0.070988
0 17 137 -0.0224881
0 17 138 -0.0132906
0 17 139 -0.085723
0 17 140 -0.0225201
0 17 141 0.105155
0 17 142 0.121714
0 17 143 -0.194367
0 17 144 0.197288
0 17 145 0.0590939
0 17 146 0.364764
0 17 147 -0.0614688
0 17 148 -0.0726783
0 17 149 0.219901
0 17 150 0.0238549
0 17 151 -0.176752
0 17 152 0.0144355
0 17 153 0.00807859
0 17 154 -0.0264447
0 17 155 0.390208
0 17 156 0.0862347
0 17 157 0.0820354
0 17 158 0.239429
0 17 159 0.0493882
0 17 160 0.0107044
0 17 161 -0.16097
0 17 162 0.000932661
0 17 163 -0.0392095
0 17 164 -0.181115
0 17 165 -0.101286
0 17 166 0.0861003
0 17 167 -0.00544439
0 17 168 -0.0411176
0 17 169 0.246481
0 17 170 0.260995
0 17 171 -0.0458241
0 17 172 0.201577
0 17 173 0.121432
0 17 174 0.0237194
0 17 175 0.366948
0 17 176 0.0140504
0 17 177 0.131178
0 17 178 0.361254
0 17 179 0.330349
0 17 180 0.180241
0 17 181 0.0946793
0 17 182 0.238318
0 17 183 0.335792
0 17 184 -0.00424153
0 17 185 0.282392
0 17 186 0.380377
0 17 187 0.17692
0 17 188 0.247083
0 17 189 0.338693
0 17 190 0.178369
0 17 191 0.509352
0 17 192 0.59922
0 17 193 1.02349
0 17 194 1.48469
0 17 195 2.41304
0 17 196 3.39572
0 17 197 5.01306
0 17 198 5.38618
0 17 199 4.6926
0 17 200 4.30242
0 17 201 4.17038
0 17 202 3.41511
0 17 203 2.49537
0 17 204 1.35042
0 17 205 1.04397
0 17 206 0.493185
0 17 207 0.333277
0 17 208 0.0847913
0 17 209 0.131783
0 17 210 0.135227
0 17 211 0.308367
0 17 212 -0.0838561
0 17 213 0.0943279
0 17 214 0.150324
0 17 215 -0.0460483
0 17 216 0.000422892
0 17 217 0.113617
0 17 218 -0.0813122
0 17 219 -0.0657736
0 17 220 0.045203
0 17 221 0.0423714
0 17 222 0.236658
0 17 223 0.0924085
0 17 224 -0.184745
0 17 225 -0.0489211
0 17 226 -0.0394386
0 17 227 0.067538
0 17 228 0.381913
0 17 229 0.120692
0 17 230 0.0912903
0 17 231 -0.0348708
0 17 232 0.214392
0 17 233 0.0411339
0 17 234 0.14547
0 17 235 -0.00554271
0 17 236 0.0760482
0 17 237 0.203062
0 17 238 0.0975432
0 17 239 -0.0822043
0 17 240 -0.0920227
0 17 241 -0.0459516
0 17 242 -0.313103
0 17 243 0.14971
0 17 244 0.191044
0 17 245 -0.0103253
0 17 246 0.103179
0 17 247 -0.0920483
0 17 248 0.267324
0 17 249 0.102244
0 17 250 0.0662383
0 17 251 0.0520558
0 17 252 -0.0131011
0 17 253 0.289537
0 17 254 0.111852
0 17 255 0.314741
