0 28 0 0.352553
0 28 1 0.382027
0 28 2 0.0479168
0 28 3 -0.116608
0 28 4 0.0266404
0 28 5 0.148627
0 28 6 0.161871
0 28 7 -0.0350331
0 28 8 0.169718
0 28 9 -0.106478
0 28 10 -0.138988
0 28 11 -0.035369
0 28 12 -0.0412182
0 28 13 -0.155548
0 28 14 0.0343464
0 28 15 -0.240265
0 28 16 0.0666561
0 28 17 0.253158
0 28 18 -0.101218
0 28 19 -0.201975
0 28 20 -0.0589425
0 28 21 0.112836
0 28 22 -0.179036
0 28 23 -0.227962
0 28 24 0.156191
0 28 25 -0.204943
0 28 26 -0.107871
0 28 27 0.139154
0 28 28 -0.0238662
0 28 29 -0.050359
0 28 30 0.0507407
0 28 31 0.0529915
0 28 32 -0.135427
0 28 33 0.0714441
0 28 34 0.149447
0 28 35 0.153277
0 28 36 -0.0677309
0 28 37 0.0678646
0 28 38 0.0354726
0 28 39 0.159229
0 28 40 0.224379
0 28 41 -0.0337627
0 28 42 -0.25425
0 28 43 -0.00838628
0 28 44 -0.279338
0 28 45 0.250004
0 28 46 0.133191
0 28 47 0.111747
0 28 48 -0.0713467
0 28 49 -0.0479331
0 28 50 -0.0419799
0 28 51 -0.164429
0 28 52 -0.118742
0 28 53 -0.138094
0 28 54 -0.093633
0 28 55 -0.162777
0 28 56 0.0447507
0 28 57 -0.175208
0 28 58 0.156883
0 28 59 0.0148335
0 28 60 0.0704437
0 28 61 -0.0235379
0 28 62 0.0270343
0 28 63 -0.106012
0 28 64 0.033054
0 28 65 -0.283482
0 28 66 0.186219
0 28 67 -0.0957358
0 28 68 -0.0451839
0 28 69 -0.0863475
0 28 70 -0.0572261
0 28 71 0.0265709
0 28 72 0.00441076
0 28 73 -0.00431468
0 28 74 -0.200458
0 28 75 -0.251304
0 28 76 0.00760363
0 28 77 -0.156771
0 28 78 -0.0412217
0 28 79 -0.212264
0 28 80 -0.104786
0 28 81 0.338379
0 28 82 0.0356427
0 28 83 0.0292427
0 28 84 0.180368
0 28 85 0.0375408
0 28 86 0.0312764
0 28 87 0.148486
0 28 88 -0.021044
0 28 89 -0.0317675
0 28 90 -0.11241
0 28 91 -0.00548806
0 28 92 0.0583498
0 28 93 0.0845948
0 28 94 0.0562653
0 28 95 -0.462296
0 28 96 -0.15337
0 28 97 -0.163126
0 28 98 -0.0189903
0 28 99 0.0525753
0 28 100 -0.0405244
0 28 101 -0.0866419
0 28 102 0.0396706
0 28 103 0.0120345
0 28 104 -0.131168
0 28 105 -0.184162
0 28 106 -0.259709
0 28 107 0.223899
0 28 108 -0.130662
0 28 109 -0.188333
0 28 110 0.0431842
0 28 111 -0.0992657
0 28 112 0.0528782
0 28 113 -0.0789106
0 28 114 -0.0343875
0 28 115 -0.195421
0 28 116 -0.302973
0 28 117 -0.165899
0 28 118 -0.305767
0 28 119 0.188825
0 28 120 -0.107361
0 28 121 -0.311485
0 28 122 -0.356162
0 28 123 -0.198486
0 28 124 -0.0217932
0 28 125 0.0885669
0 28 126 0.238962
0 28 127 -0.094129
0 28 128 0.111128
0 28 129 -0.303389
0 28 130 0.165553
0 28 131 0.118956
0 28 132 -0.150867
0 28 133 -0.183624
0 28 134 -0.136859
0 28 135 0.0979968
0 28 136 -0.0126438
0 28 137 0.112156
0 28 138 0.0116526
0 28 139 0.00312056
0 28 140 -0.0331279
0 28 141 0.0381488
0 28 142 -0.224399
0 28 143 0.0723015
0 28 144 0.221122
0 28 145 -0.142635
0 28 146 0.00855601
0 28 147 -0.0884628
0 28 148 -0.217952
0 28 149 0.0594356
0 28 150 0.090704
0 28 151 -0.0348086
0 28 152 0.114949
0 28 153 -0.226145
0 28 154 0.00558903
0 28 155 -0.0880553
0 28 156 -0.106343
0 28 157 -0.177191
0 28 158 -0.0938807
0 28 159 0.0767377
0 28 160 0.172052
0 28 161 0.00605723
0 28 162 -0.00285711
0 28 163 0.0349601
0 28 164 0.206451
0 28 165 -0.071772
0 28 166 -0.101835
0 28 167 -0.103214
0 28 168 0.126239
0 28 169 -0.0428864
0 28 170 -0.1249
0 28 171 0.0479888
0 28 172 -0.0800393
0 28 173 0.163397
0 28 174 0.0373458
0 28 175 0.115472
0 28 176 -0.256762
0 28 177 -0.115559
0 28 178 -0.135303
0 28 179 0.256002
0 28 180 -0.0268792
0 28 181 0.124468
0 28 182 0.0809635
0 28 183 -0.0588714
0 28 184 -0.00945072
0 28 185 0.0371602
0 28 186 -0.0316545
0 28 187 0.0353296
0 28 188 -0.0995213
0 28 189 0.232609
0 28 190 0.0790819
0 28 191 -0.347999
0 28 192 -0.00173309
0 28 193 -0.124118
0 28 194 0.110515
0 28 195 0.0470685
0 28 196 -0.0307201
0 28 197 -0.266693
0 28 198 0.0617363
0 28 199 0.241448
0 28 200 -0.0296667
0 28 201 0.0231289
0 28 202 -0.128238
0 28 203 -0.0841976
0 28 204 0.230991
0 28 205 -0.131213
0 28 206 -0.292272
0 28 207 0.205167
0 28 208 0.0825473
0 28 209 0.0763002
0 28 210 -0.0319742
0 28 211 0.141681
0 28 212 0.0367629
0 28 213 -0.230367
0 28 214 -0.119232
0 28 215 0.154611
0 28 216 0.285106
0 28 217 -0.00103969
0 28 218 -0.207957
0 28 219 -0.03044
0 28 220 -0.218608
0 28 221 -0.282615
0 28 222 0.0512785
0 28 223 -0.0959541
0 28 224 0.212919
0 28 225 0.125511
0 28 226 0.352191
0 28 227 0.186722
0 28 228 0.459968
0 28 229 0.0747801
0 28 230 0.0803499
0 28 231 0.173545
0 28 232 -0.0409372
0 28 233 0.0361201
0 28 234 0.0503809
0 28 235 0.180492
0 28 236 0.338992
0 28 237 0.20643
0 28 238 0.349436
0 28 239 -0.0348995
0 28 240 0.356351
0 28 241 0.480301
0 28 242 0.286313
0 28 243 0.228356
0 28 244 0.768127
0 28 245 1.65386
0 28 246 2.22854
0 28 247 3.1613
0 28 248 4.27726
0 28 249 4.10322
0 28 250 3.52228
0 28 251 3.15301
0 28 252 2.8249
0 28 253 1.9074
0 28 254 1.63701
0 28 255 0.830754
