0 8 0 0.0631511
0 8 1 0.0416144
0 8 2 0.0252764
0 8 3 0.0121829
0 8 4 0.0020812
0 8 5 -0.0706388
0 8 6 0.0735368
0 8 7 -0.00305469
0 8 8 -0.0646335
0 8 9 -0.076229
0 8 10 0.0261357
0 8 11 -0.0285428
0 8 12 -0.119585
0 8 13 0.0130886
0 8 14 0.00790927
0 8 15 0.144796
0 8 16 -0.0500009
0 8 17 -0.209081
0 8 18 -0.0877388
0 8 19 -0.0281203
0 8 20 -0.113869
0 8 21 -0.0961875
0 8 22 0.018094
0 8 23 -0.0305801
0 8 24 -0.164529
0 8 25 -0.0697226
0 8 26 0.0242601
0 8 27 -0.0397093
0 8 28 -0.116745
0 8 29 -0.0749107
0 8 30 -0.127428
0 8 31 0.0124078
0 8 32 -0.146953
0 8 33 0.066746
0 8 34 -0.0488829
0 8 35 0.0474394
0 8 36 0.0805082
0 8 37 0.18744
0 8 38 -0.0118855
0 8 39 0.0936756
0 8 40 0.189744
0 8 41 -0.11499
0 8 42 0.116948
0 8 43 0.136459
0 8 44 0.146569
0 8 45 0.121115
0 8 46 -0.00572394
0 8 47 0.012317
0 8 48 -0.00129973
0 8 49 -0.198881
0 8 50 0.0939817
0 8 51 0.177125
0 8 52 0.112991
0 8 53 0.0741072
0 8 54 0.013547
0 8 55 -0.0533695
0 8 56 0.124935
0 8 57 0.191772
0 8 58 0.278591
0 8 59 0.273084
0 8 60 0.601061
0 8 61 0.949809
0 8 62 1.42395
0 8 63 2.0467
0 8 64 2.78034
0 8 65 3.14927
0 8 66 2.86701
0 8 67 2.68046
0 8 68 2.34841
0 8 69 1.97513
0 8 70 1.41411
0 8 71 0.896026
0 8 72 0.627536
0 8 73 0.272305
0 8 74 0.110283
0 8 75 0.113517
0 8 76 0.177306
0 8 77 0.109961
0 8 78 -0.0346926
0 8 79 0.133089
0 8 80 -0.146154
0 8 81 0.125789
0 8 82 -0.0872013
0 8 83 0.238292
0 8 84 -0.0456339
0 8 85 0.0027867
0 8 86 0.0395117
0 8 87 -0.036237
0 8 88 -0.116885
0 8 89 0.170914
0 8 90 0.0791931
0 8 91 0.0230848
0 8 92 -0.0432644
0 8 93 0.113959
0 8 94 -0.138353
0 8 95 -0.0161996
0 8 96 0.0847254
0 8 97 -0.00489518
0 8 98 -0.0453056
0 8 99 -0.0790658
0 8 100 -0.00419967
0 8 101 0.175223
0 8 102 -0.0311675
0 8 103 0.0747409
0 8 104 0.101103
0 8 105 -0.0720617
0 8 106 0.0804405
0 8 107 0.030128
0 8 108 -0.0393544
0 8 109 0.135078
0 8 110 0.0419359
0 8 111 -0.0275007
0 8 112 -0.0631087
0 8 113 -0.119085
0 8 114 -0.0724481
0 8 115 -0.0581315
0 8 116 -0.0956544
0 8 117 -0.0947968
0 8 118 -0.0774628
0 8 119 -0.0253024
0 8 120 -0.0359544
0 8 121 0.126313
0 8 122 -0.00609041
0 8 123 -0.125331
0 8 124 0.0603978
0 8 125 0.0118483
0 8 126 -0.0167305
0 8 127 -0.0330407
0 8 128 0.0621975
0 8 129 -0.0230104
0 8 130 -0.0242362
0 8 131 0.0267554
0 8 132 0.0187615
0 8 133 -0.208855
0 8 134 -0.096487
0 8 135 0.0157967
0 8 136 -0.154
0 8 137 0.0148665
0 8 138 -0.0653728
0 8 139 -0.00349232
0 8 140 0.0180385
0 8 141 0.092705
0 8 142 -0.12111
0 8 143 0.0188417
0 8 144 0.0236881
0 8 145 0.0441432
0 8 146 0.047454
0 8 147 -0.176229
0 8 148 -0.00841052
0 8 149 0.052626
0 8 150 0.110632
0 8 151 -0.0673845
0 8 152 -0.0465421
0 8 153 -0.157536
0 8 154 -0.0954348
0 8 155 -0.07259
0 8 156 -0.0432249
0 8 157 0.0618173
0 8 158 0.0960067
0 8 159 -0.0826393
0 8 160 0.0442291
0 8 161 -0.256624
0 8 162 -0.0423237
0 8 163 -0.0955118
0 8 164 -0.0272164
0 8 165 -0.0764519
0 8 166 -0.111649
0 8 167 -0.0177416
0 8 168 0.0222824
0 8 169 -0.168002
0 8 170 -0.00684441
0 8 171 -0.0647057
0 8 172 0.0329077
0 8 173 -0.015422
0 8 174 0.0823916
0 8 175 -0.132059
0 8 176 0.111077
0 8 177 -0.0469337
0 8 178 -0.0595815
0 8 179 0.0419382
0 8 180 -0.0376253
0 8 181 0.0236525
0 8 182 0.0371358
0 8 183 -0.0732275
0 8 184 -0.0441905
0 8 185 -0.200437
0 8 186 -0.0231499
0 8 187 0.079281
0 8 188 -0.0669068
0 8 189 -0.09622
0 8 190 0.130929
0 8 191 -0.0785838
0 8 192 -0.218455
0 8 193 -0.00339347
0 8 194 0.0876056
0 8 195 -0.0456553
0 8 196 -0.0428279
0 8 197 -0.131336
0 8 198 0.0781518
0 8 199 -0.078451
0 8 200 0.1058
0 8 201 0.0829248
0 8 202 0.0838807
0 8 203 -0.0221387
0 8 204 0.0375657
0 8 205 -0.0488428
0 8 206 0.0276541
0 8 207 0.0658198
0 8 208 -0.134112
0 8 209 -0.222529
0 8 210 -0.196399
0 8 211 -0.0648308
0 8 212 0.00472398
0 8 213 0.00309955
0 8 214 0.0136444
0 8 215 -0.042908
0 8 216 0.0173366
0 8 217 0.0252487
0 8 218 -0.00877339
0 8 219 -0.0450199
0 8 220 -0.15276
0 8 221 0.107537
0 8 222 0.14721
0 8 223 -0.0560491
0 8 224 0.0258042
0 8 225 0.0925514
0 8 226 -0.0385924
0 8 227 -0.0305119
0 8 228 0.0478855
0 8 229 0.0218484
0 8 230 -0.065113
0 8 231 -0.0779186
0 8 232 0.0527896
0 8 233 -0.142887
0 8 234 0.0575147
0 8 235 -0.223778
0 8 236 0.0492068
0 8 237 0.0796924
0 8 238 -0.0886572
0 8 239 0.119485
0 8 240 0.00483773
0 8 241 0.21116
0 8 242 0.115233
0 8 243 0.0735757
0 8 244 -0.0471274
0 8 245 0.00486009
0 8 246 -0.0939331
0 8 247 -0.00122548
0 8 248 0.0701328
0 8 249 0.00319914
0 8 250 -0.0631891
0 8 251 -0.00147304
0 8 252 0.0558891
0 8 253 0.0300776
0 8 254 -0.00462257
0 8 255 -0.0717233
