0 2 0 -0.0307554
0 2 1 -0.018224
0 2 2 0.0612628
0 2 3 0.0155414
0 2 4 0.214366
0 2 5 -0.0758631
0 2 6 -0.0126894
0 2 7 -0.00906553
0 2 8 -0.00952917
0 2 9 0.0697141
0 2 10 -0.141698
0 2 11 -0.010347
0 2 12 -0.0983143
0 2 13 0.048434
0 2 14 -0.00016313
0 2 15 0.0481627
0 2 16 -0.00214538
0 2 17 0.0384718
0 2 18 0.0642111
0 2 19 0.00616314
0 2 20 0.0571874
0 2 21 -0.0448474
0 2 22 0.125109
0 2 23 -0.0395715
0 2 24 -0.00997533
0 2 25 -0.0237116
0 2 26 0.1382
0 2 27 -0.0371826
0 2 28 -0.0931953
0 2 29 0.0523402
0 2 30 0.0443008
0 2 31 0.00616221
0 2 32 -0.0277292
0 2 33 -0.156503
0 2 34 -0.134737
0 2 35 0.0755137
0 2 36 -0.122685
0 2 37 -0.0718181
0 2 38 -0.0519218
0 2 39 -0.0556157
0 2 40 -0.0888016
0 2 41 -0.0556157
0 2 42 0.088586
0 2 43 -0.16503
0 2 44 -0.0659433
0 2 45 0.0561412
0 2 46 0.105427
0 2 47 -0.0289103
0 2 48 -0.124684
0 2 49 -0.105042
0 2 50 4.9464e-05
0 2 51 -0.0456965
0 2 52 -0.21399
0 2 53 -0.11053
0 2 54 -0.111717
0 2 55 -0.15346
0 2 56 -0.0575201
0 2 57 0.00124951
0 2 58 -0.00750395
0 2 59 -0.0888744
0 2 60 0.0904646
0 2 61 -0.00907214
0 2 62 -0.0824458
0 2 63 0.0230293
0 2 64 -0.0549468
0 2 65 0.10495
0 2 66 -0.0878185
0 2 67 -0.148044
0 2 68 0.108786
0 2 69 -0.0546875
0 2 70 -0.0269792
0 2 71 -0.182348
0 2 72 -0.0725546
0 2 73 -0.068676
0 2 74 -0.0446528
0 2 75 0.0111338
0 2 76 0.0901138
0 2 77 0.0631075
0 2 78 0.0284074
0 2 79 0.0318952
0 2 80 0.13171
0 2 81 0.123703
0 2 82 0.222175
0 2 83 0.210449
0 2 84 0.161511
0 2 85 -0.0902529
0 2 86 0.0649641
0 2 87 0.161295
0 2 88 0.0346498
0 2 89 0.120989
0 2 90 -0.172202
0 2 91 -0.0427262
0 2 92 0.0170963
0 2 93 0.0351934
0 2 94 0.0477515
0 2 95 -0.103797
0 2 96 0.00423539
0 2 97 0.0225608
0 2 98 -0.069065
0 2 99 -0.102847
0 2 100 -0.0907
0 2 101 0.001668
0 2 102 -0.0291599
0 2 103 -0.103634
0 2 104 0.0615192
0 2 105 -0.0554364
0 2 106 -0.0184947
0 2 107 0.0136426
0 2 108 -0.0518166
0 2 109 -0.089417
0 2 110 -0.14108
0 2 111 -0.0275631
0 2 112 0.0699369
0 2 113 -0.055955
0 2 114 0.0389534
0 2 115 0.0914776
0 2 116 -0.153553
0 2 117 -0.153065
0 2 118 0.0866636
0 2 119 -0.0162421
0 2 120 0.0641488
0 2 121 -0.0822711
0 2 122 -0.0241894
0 2 123 0.0104476
0 2 124 0.0203218
0 2 125 -0.00116093
0 2 126 -0.0451936
0 2 127 -0.0158106
0 2 128 -0.161057
0 2 129 -0.065853
0 2 130 0.0449219
0 2 131 -0.0776384
0 2 132 -0.0107266
0 2 133 -0.0810177
0 2 134 -0.197158
0 2 135 -0.114564
0 2 136 0.108301
0 2 137 -0.0474349
0 2 138 -0.0584416
0 2 139 0.00985145
0 2 140 0.0145063
0 2 141 -0.0588795
0 2 142 0.042484
0 2 143 0.00514026
0 2 144 -0.0852517
0 2 145 -0.0292268
0 2 146 -0.0370628
0 2 147 -0.091038
0 2 148 0.0719545
0 2 149 -0.0931913
0 2 150 -0.0743885
0 2 151 0.0623294
0 2 152 -0.0916793
0 2 153 0.128007
0 2 154 0.0392313
0 2 155 -0.0393128
0 2 156 -0.0658824
0 2 157 -0.0889338
0 2 158 0.162314
0 2 159 -0.0564605
0 2 160 -0.0378831
0 2 161 0.00175723
0 2 162 -0.0688041
0 2 163 -0.0593254
0 2 164 -0.0714505
0 2 165 0.0278843
0 2 166 -0.163366
0 2 167 -0.0877679
0 2 168 0.0691362
0 2 169 -0.0485174
0 2 170 -0.0875518
0 2 171 -0.0146426
0 2 172 -0.230602
0 2 173 -0.158517
0 2 174 -0.060096
0 2 175 0.000423435
0 2 176 0.028496
0 2 177 -0.0839202
0 2 178 0.020169
0 2 179 0.00813173
0 2 180 0.126687
0 2 181 -0.0790993
0 2 182 -0.141307
0 2 183 0.0195385
0 2 184 0.147714
0 2 185 -0.0781
0 2 186 0.0421808
0 2 187 0.061852
0 2 188 -0.108105
0 2 189 -0.125509
0 2 190 -0.0552154
0 2 191 0.00849824
0 2 192 0.057137
0 2 193 -0.0131878
0 2 194 -0.115693
0 2 195 -0.0124756
0 2 196 -0.116547
0 2 197 -0.0612135
0 2 198 0.0625249
0 2 199 -0.0745132
0 2 200 -0.114385
0 2 201 -0.193
0 2 202 0.0583993
0 2 203 -0.017875
0 2 204 0.00254456
0 2 205 0.161476
0 2 206 0.0100626
0 2 207 -0.111264
0 2 208 -0.0847083
0 2 209 0.0478557
0 2 210 0.00966217
0 2 211 -0.00691304
0 2 212 -0.0367205
0 2 213 0.00601993
0 2 214 0.094997
0 2 215 0.139672
0 2 216 -0.0488412
0 2 217 0.00608286
0 2 218 -0.0559856
0 2 219 -0.204369
0 2 220 0.0839873
0 2 221 -0.0744385
0 2 222 0.0177852
0 2 223 0.0121856
0 2 224 0.0255534
0 2 225 -0.0252256
0 2 226 0.0742877
0 2 227 -7.95995e-05
0 2 228 -0.0894752
0 2 229 -0.118621
0 2 230 -0.028255
0 2 231 0.0752056
0 2 232 0.0279326
0 2 233 0.00522079
0 2 234 0.0315326
0 2 235 -0.119325
0 2 236 -0.0248061
0 2 237 -0.000360689
0 2 238 -0.083765
0 2 239 0.0723881
0 2 240 0.0719113
0 2 241 0.0880554
0 2 242 -0.0225557
0 2 243 -0.0948216
0 2 244 -0.0931312
0 2 245 -0.204244
0 2 246 -0.0599528
0 2 247 0.0611325
0 2 248 0.0102488
0 2 249 -0.0145429
0 2 250 0.0515978
0 2 251 0.0532594
0 2 252 -0.153368
0 2 253 0.0545634
0 2 254 0.0429101
0 2 255 0.0501289
