0 4 0 0.296928
0 4 1 0.0122862
0 4 2 0.00639554
0 4 3 0.210067
0 4 4 0.0654608
0 4 5 0.00730753
0 4 6 -0.0938232
0 4 7 -0.00680726
0 4 8 0.142377
0 4 9 0.128834
0 4 10 0.15894
0 4 11 0.0870184
0 4 12 0.103159
0 4 13 -0.0330344
0 4 14 0.0681442
0 4 15 0.0381818
0 4 16 -0.0839391
0 4 17 0.0890834
0 4 18 0.0814097
0 4 19 0.0501818
0 4 20 -0.0499935
0 4 21 0.0880898
0 4 22 0.0950611
0 4 23 0.22333
0 4 24 0.205516
0 4 25 -0.0127205
0 4 26 -0.00213035
0 4 27 0.0443613
0 4 28 0.151034
0 4 29 0.0663493
0 4 30 0.0316611
0 4 31 0.0976068
0 4 32 0.0477809
0 4 33 0.173095
0 4 34 -0.0476897
0 4 35 -0.0910488
0 4 36 0.270249
0 4 37 0.0599123
0 4 38 0.0445654
0 4 39 0.069204
0 4 40 0.0897627
0 4 41 -0.00664851
0 4 42 0.213797
0 4 43 -0.0619211
0 4 44 -0.205296
0 4 45 0.142622
0 4 46 0.17003
0 4 47 0.00897598
0 4 48 0.0177792
0 4 49 0.106895
0 4 50 0.034778
0 4 51 0.19103
0 4 52 0.0618683
0 4 53 0.0503698
0 4 54 0.00307764
0 4 55 -0.042009
0 4 56 0.239613
0 4 57 0.0927049
0 4 58 0.0647452
0 4 59 -0.137368
0 4 60 -0.0777345
0 4 61 -0.220923
0 4 62 -0.193852
0 4 63 0.0160403
0 4 64 -0.0492742
0 4 65 -0.0449676
0 4 66 0.0201646
0 4 67 0.00763332
0 4 68 0.260888
0 4 69 0.0772175
0 4 70 -0.00843109
0 4 71 0.210311
0 4 72 -0.129043
0 4 73 0.100469
0 4 74 -0.0396326
0 4 75 0.073829
0 4 76 0.106513
0 4 77 -0.0433016
0 4 78 0.0752705
0 4 79 0.149716
0 4 80 -0.0205676
0 4 81 -0.0853748
0 4 82 0.158054
0 4 83 -0.168116
0 4 84 0.102362
0 4 85 0.158536
0 4 86 0.0362291
0 4 87 0.0950137
0 4 88 0.331783
0 4 89 0.0763671
0 4 90 -0.0764866
0 4 91 -0.0300191
0 4 92 0.16372
0 4 93 0.159325
0 4 94 -0.10178
0 4 95 0.0801017
0 4 96 -0.0361786
0 4 97 0.074708
0 4 98 0.133797
0 4 99 -0.0231876
0 4 100 0.00440358
0 4 101 -0.00342507
0 4 102 -0.0302302
0 4 103 0.316441
0 4 104 -0.0381258
0 4 105 0.0783122
0 4 106 0.0783968
0 4 107 0.043227
0 4 108 0.02061
0 4 109 0.110297
0 4 110 -0.0868799
0 4 111 -0.0434344
0 4 112 0.0580479
0 4 113 -0.132322
0 4 114 -0.0563163
0 4 115 -0.0949361
0 4 116 -0.161259
0 4 117 0.0471465
0 4 118 0.0930565
0 4 119 0.234653
0 4 120 -0.0539091
0 4 121 0.146627
0 4 122 0.0553782
0 4 123 -0.156174
0 4 124 -0.0383623
0 4 125 -0.0698996
0 4 126 0.0329541
0 4 127 0.0314947
0 4 128 0.215384
0 4 129 -0.130964
0 4 130 0.23314
0 4 131 0.0267194
0 4 132 0.0225103
0 4 133 -0.0395934
0 4 134 0.0801376
0 4 135 -0.188825
0 4 136 -0.0182649
0 4 137 0.222905
0 4 138 0.0539198
0 4 139 0.170857
0 4 140 0.0467855
0 4 141 -0.0664544
0 4 142 0.0114451
0 4 143 0.0974227
0 4 144 0.0251286
0 4 145 0.00442442
0 4 146 -0.0864215
0 4 147 0.15618
0 4 148 -0.08253
0 4 149 0.198086
0 4 150 0.135666
0 4 151 0.118916
0 4 152 0.103872
0 4 153 0.0793087
0 4 154 0.189981
0 4 155 0.0334604
0 4 156 0.0629944
0 4 157 -0.0312148
0 4 158 -0.0833812
0 4 159 0.102653
0 4 160 0.0103938
0 4 161 0.033236
0 4 162 0.0329488
0 4 163 0.0274711
0 4 164 0.0182624
0 4 165 -0.222424
0 4 166 -0.0537408
0 4 167 -0.183933
0 4 168 0.105987
0 4 169 0.187653
0 4 170 -0.0701239
0 4 171 -0.13925
0 4 172 0.00319972
0 4 173 0.0425264
0 4 174 -0.0322188
0 4 175 0.142109
0 4 176 0.189363
0 4 177 -0.105658
0 4 178 0.0185353
0 4 179 -0.0964791
0 4 180 0.193687
0 4 181 -0.00287073
0 4 182 -0.163635
0 4 183 -0.0285761
0 4 184 0.00281749
0 4 185 -0.210801
0 4 186 -0.0438509
0 4 187 0.0316328
0 4 188 -0.0689346
0 4 189 -0.0747815
0 4 190 0.0841408
0 4 191 0.182911
0 4 192 0.0879469
0 4 193 0.155665
0 4 194 -0.0851771
0 4 195 0.115553
0 4 196 0.0168216
0 4 197 0.0473414
0 4 198 0.0777988
0 4 199 0.26418
0 4 200 0.12422
0 4 201 -0.0868256
0 4 202 -0.0226147
0 4 203 0.0409107
0 4 204 -0.167919
0 4 205 0.074715
0 4 206 0.153314
0 4 207 0.0612662
0 4 208 0.213714
0 4 209 0.0520641
0 4 210 -0.00153547
0 4 211 0.111035
0 4 212 0.166405
0 4 213 0.106662
0 4 214 0.229165
0 4 215 0.0742537
0 4 216 0.0155587
0 4 217 0.115834
0 4 218 0.070868
0 4 219 0.0521988
0 4 220 0.235562
0 4 221 0.0442942
0 4 222 -0.0846766
0 4 223 -0.0304605
0 4 224 0.253729
0 4 225 0.150005
0 4 226 0.272878
0 4 227 0.0634809
0 4 228 0.305379
0 4 229 0.274684
0 4 230 0.434362
0 4 231 0.543323
0 4 232 0.986668
0 4 233 1.69151
0 4 234 2.28596
0 4 235 2.28356
0 4 236 2.17697
0 4 237 1.87463
0 4 238 1.93362
0 4 239 1.53968
0 4 240 1.28169
0 4 241 0.643136
0 4 242 0.418276
0 4 243 0.40069
0 4 244 0.107142
0 4 245 0.271033
0 4 246 0.187535
0 4 247 -0.182632
0 4 248 -0.0416343
0 4 249 0.173878
0 4 250 0.21427
0 4 251 -0.00123004
0 4 252 0.018847
0 4 253 0.0028879
0 4 254 0.270687
0 4 255 0.048655
