0 27 0 0.281661
0 27 1 0.250449
0 27 2 0.328678
0 27 3 0.249886
0 27 4 -0.0906364
0 27 5 0.511254
0 27 6 0.496923
0 27 7 0.245215
0 27 8 0.367196
0 27 9 0.451969
0 27 10 0.168312
0 27 11 0.703101
0 27 12 0.558512
0 27 13 0.978819
0 27 14 1.5125
0 27 15 2.46594
0 27 16 3.70646
0 27 17 5.38457
0 27 18 6.06735
0 27 19 5.95669
0 27 20 5.09614
0 27 21 4.98024
0 27 22 4.34819
0 27 23 3.07378
0 27 24 2.05366
0 27 25 1.45969
0 27 26 0.557366
0 27 27 0.343427
0 27 28 0.379132
0 27 29 0.358216
0 27 30 0.466258
0 27 31 -0.185715
0 27 32 0.0341738
0 27 33 0.133059
0 27 34 0.262705
0 27 35 0.207532
0 27 36 0.143979
0 27 37 -0.0350595
0 27 38 0.0129726
0 27 39 -0.157729
0 27 40 0.295932
0 27 41 0.0582443
0 27 42 0.124706
0 27 43 0.0162368
0 27 44 -0.0233232
0 27 45 -0.071561
0 27 46 0.15367
0 27 47 0.115647
0 27 48 0.307784
0 27 49 0.184891
0 27 50 0.00737145
0 27 51 -0.241972
0 27 52 0.165228
0 27 53 -0.0744422
0 27 54 0.0262224
0 27 55 -0.0953233
0 27 56 0.242997
0 27 57 0.0517431
0 27 58 0.328172
0 27 59 0.0469709
0 27 60 -0.193188
0 27 61 0.0207774
0 27 62 0.297087
0 27 63 -0.232566
0 27 64 -0.0671382
0 27 65 0.243206
0 27 66 0.332922
0 27 67 -0.0442513
0 27 68 -0.110659
0 27 69 -0.0427261
0 27 70 0.0384103
0 27 71 -0.0480373
0 27 72 0.167734
0 27 73 0.234967
0 27 74 0.0575536
0 27 75 -0.0111377
0 27 76 0.0982906
0 27 77 0.034257
0 27 78 0.0949893
0 27 79 -0.0262906
0 27 80 -0.163147
0 27 81 -0.227669
0 27 82 0.315551
0 27 83 0.0992722
0 27 84 -0.0641726
0 27 85 -0.170111
0 27 86 -0.00555054
0 27 87 -0.149665
0 27 88 -0.0548805
0 27 89 0.0866307
0 27 90 -0.128071
0 27 91 -0.0649377
0 27 92 -0.0338767
0 27 93 0.168485
0 27 94 -0.0245794
0 27 95 -0.0209931
0 27 96 0.0295013
0 27 97 -0.0446903
0 27 98 0.0449704
0 27 99 0.247593
0 27 100 -0.144008
0 27 101 -0.0705054
0 27 102 0.00257013
0 27 103 0.280204
0 27 104 0.115247
0 27 105 -0.015142
0 27 106 0.151353
0 27 107 0.245365
0 27 108 0.162793
0 27 109 0.16715
0 27 110 -0.0431905
0 27 111 0.0793484
0 27 112 0.0630575
0 27 113 0.0463489
0 27 114 0.0945515
0 27 115 0.139572
0 27 116 -0.11912
0 27 117 -0.0866882
0 27 118 -0.113278
0 27 119 0.123298
0 27 120 -0.164984
0 27 121 -0.0508521
0 27 122 0.253658
0 27 123 -0.166352
0 27 124 -0.118178
0 27 125 0.147807
0 27 126 -0.134539
0 27 127 0.210177
0 27 128 -0.0676219
0 27 129 0.182198
0 27 130 0.355898
0 27 131 0.0783048
0 27 132 -0.0341085
0 27 133 0.0720368
0 27 134 0.0749757
0 27 135 0.159455
0 27 136 -0.0911669
0 27 137 0.0409074
0 27 138 -0.154075
0 27 139 -0.0221086
0 27 140 0.0623684
0 27 141 -0.0101326
0 27 142 0.328753
0 27 143 0.193191
0 27 144 -0.217521
0 27 145 0.203649
0 27 146 -0.0224708
0 27 147 0.0741643
0 27 148 -0.0303681
0 27 149 -0.351559
0 27 150 0.203419
0 27 151 0.150914
0 27 152 0.106692
0 27 153 -0.432182
0 27 154 0.295315
0 27 155 0.327583
0 27 156 -0.104877
0 27 157 -0.00137268
0 27 158 -0.267781
0 27 159 -0.061032
0 27 160 0.0552537
0 27 161 -0.223569
0 27 162 0.0345186
0 27 163 0.204056
0 27 164 -0.0969668
0 27 165 -0.252149
0 27 166 0.0826443
0 27 167 0.254998
0 27 168 -0.00163823
0 27 169 -0.188637
0 27 170 0.246789
0 27 171 0.0713839
0 27 172 0.00838495
0 27 173 0.207073
0 27 174 0.241683
0 27 175 -0.102739
0 27 176 -0.120989
0 27 177 0.079845
0 27 178 -0.125628
0 27 179 0.0986774
0 27 180 0.161375
0 27 181 0.0872663
0 27 182 -0.0154803
0 27 183 0.242885
0 27 184 0.179805
0 27 185 -0.258152
0 27 186 0.161951
0 27 187 0.115225
0 27 188 0.0502991
0 27 189 0.113669
0 27 190 -0.0117907
0 27 191 -0.368519
0 27 192 -0.0628222
0 27 193 0.171688
0 27 194 0.179311
0 27 195 0.232744
0 27 196 -0.126893
0 27 197 -0.130203
0 27 198 -0.0338723
0 27 199 -0.272219
0 27 200 -0.262189
0 27 201 -0.146263
0 27 202 0.049935
0 27 203 0.00859957
0 27 204 -0.0563226
0 27 205 0.141263
0 27 206 -0.0659266
0 27 207 0.0308992
0 27 208 -0.0895839
0 27 209 -0.0073879
0 27 210 -0.0901918
0 27 211 -0.0630077
0 27 212 -0.0535748
0 27 213 0.203045
0 27 214 0.178378
0 27 215 -0.184676
0 27 216 -0.0375825
0 27 217 0.162077
0 27 218 0.0975481
0 27 219 0.184352
0 27 220 0.100812
0 27 221 -0.286263
0 27 222 0.162574
0 27 223 0.186905
0 27 224 -0.123878
0 27 225 -0.011402
0 27 226 0.152855
0 27 227 -0.0136841
0 27 228 -0.313307
0 27 229 0.125657
0 27 230 0.0463023
0 27 231 0.148668
0 27 232 0.196887
0 27 233 0.0976353
0 27 234 0.0621423
0 27 235 0.149074
0 27 236 0.336717
0 27 237 -0.0355493
0 27 238 -0.227403
0 27 239 0.206483
0 27 240 0.264102
0 27 241 0.180225
0 27 242 0.0737799
0 27 243 0.200634
0 27 244 0.0454158
0 27 245 0.0532766
0 27 246 0.106744
0 27 247 0.392934
0 27 248 0.133025
0 27 249 0.161841
0 27 250 0.407612
0 27 251 0.287261
0 27 252 0.19012
0 27 253 0.283121
0 27 254 0.079753
0 27 255 0.303752
