0 26 0 -0.31951
0 26 1 0.162784
0 26 2 0.187797
0 26 3 0.073323
0 26 4 0.00920246
0 26 5 0.146038
0 26 6 -0.182618
0 26 7 0.0251007
0 26 8 -0.166688
0 26 9 0.0550642
0 26 10 0.0735115
0 26 11 0.168774
0 26 12 -0.0416812
0 26 13 0.146428
0 26 14 -0.253368
0 26 15 0.19646
0 26 16 0.0450679
0 26 17 0.202409
0 26 18 -0.136658
0 26 19 -0.331123
0 26 20 0.00134498
0 26 21 -0.013611
0 26 22 0.0756472
0 26 23 0.0538604
0 26 24 0.0940002
0 26 25 0.0831833
0 26 26 0.27849
0 26 27 0.0583637
0 26 28 0.0196404
0 26 29 0.0659481
0 26 30 -0.407287
0 26 31 -0.121923
0 26 32 -0.14596
0 26 33 -0.147213
0 26 34 -0.0464209
0 26 35 -0.211204
0 26 36 0.0272714
0 26 37 -0.180926
0 26 38 0.0960295
0 26 39 0.139216
0 26 40 0.136087
0 26 41 0.0370587
0 26 42 0.223756
0 26 43 0.201786
0 26 44 0.101168
0 26 45 0.194888
0 26 46 0.262315
0 26 47 0.294564
0 26 48 0.220583
0 26 49 0.116672
0 26 50 0.178146
0 26 51 -0.158545
0 26 52 -0.0625118
0 26 53 0.0993609
0 26 54 0.0867173
0 26 55 0.0456447
0 26 56 0.0733977
0 26 57 0.310349
0 26 58 -0.147531
0 26 59 0.0874021
0 26 60 -0.218905
0 26 61 -0.135093
0 26 62 -0.177386
0 26 63 -0.00646191
0 26 64 -0.0217868
0 26 65 0.0846869
0 26 66 0.0566723
0 26 67 -0.0923645
0 26 68 0.0881564
0 26 69 -0.189648
0 26 70 0.254033
0 26 71 0.233386
0 26 72 0.285277
0 26 73 0.0980592
0 26 74 0.490497
0 26 75 0.0379787
0 26 76 -0.298094
0 26 77 0.140524
0 26 78 -0.195362
0 26 79 0.0172076
0 26 80 0.347517
0 26 81 0.105266
0 26 82 -0.0850073
0 26 83 0.283436
0 26 84 0.363093
0 26 85 -0.0890511
0 26 86 0.327363
0 26 87 0.07997
0 26 88 -0.214544
0 26 89 -0.0916494
0 26 90 0.169342
0 26 91 -0.0403757
0 26 92 0.217691
0 26 93 0.145359
0 26 94 0.157072
0 26 95 0.183924
0 26 96 0.151091
0 26 97 0.0637377
0 26 98 -0.153525
0 26 99 -0.238196
0 26 100 -0.021449
0 26 101 0.0375991
0 26 102 0.0600984
0 26 103 -0.0552544
0 26 104 -0.185283
0 26 105 -0.169561
0 26 106 0.0304023
0 26 107 0.00340072
0 26 108 -0.23766
0 26 109 -0.0989694
0 26 110 0.0811976
0 26 111 -0.0923556
0 26 112 0.0220406
0 26 113 -0.248395
0 26 114 -0.0512628
0 26 115 0.00541623
0 26 116 0.377799
0 26 117 -0.148289
0 26 118 0.200995
0 26 119 -0.252418
0 26 120 0.128913
0 26 121 0.394573
0 26 122 0.0794536
0 26 123 0.0458027
0 26 124 0.0580551
0 26 125 -0.0944928
0 26 126 -0.0569401
0 26 127 -0.00138458
0 26 128 -0.0558694
0 26 129 0.238032
0 26 130 -0.217813
0 26 131 -0.154576
0 26 132 -0.0941771
0 26 133 0.0782127
0 26 134 -0.0223653
0 26 135 -0.0691819
0 26 136 0.263262
0 26 137 -0.11469
0 26 138 0.0356788
0 26 139 0.318099
0 26 140 -0.223102
0 26 141 0.127611
0 26 142 0.148275
0 26 143 0.104793
0 26 144 0.0391054
0 26 145 -0.0467676
0 26 146 0.00308267
0 26 147 0.0769697
0 26 148 -0.13811
0 26 149 0.039333
0 26 150 0.123287
0 26 151 0.2206
0 26 152 -0.154614
0 26 153 0.152266
0 26 154 -0.389325
0 26 155 0.420408
0 26 156 0.325522
0 26 157 -0.0509234
0 26 158 0.349007
0 26 159 0.0356145
0 26 160 0.104861
0 26 161 0.507147
0 26 162 0.69109
0 26 163 0.319267
0 26 164 0.429307
0 26 165 0.34688
0 26 166 -0.0533076
0 26 167 0.139903
0 26 168 0.217272
0 26 169 0.340246
0 26 170 0.0390267
0 26 171 0.210787
0 26 172 0.336253
0 26 173 0.441501
0 26 174 0.567172
0 26 175 0.623711
0 26 176 0.723751
0 26 177 0.827757
0 26 178 1.34437
0 26 179 2.05253
0 26 180 3.55326
0 26 181 5.21055
0 26 182 7.81808
0 26 183 9.14039
0 26 184 8.40304
0 26 185 7.34499
0 26 186 7.02293
0 26 187 5.69351
0 26 188 4.34063
0 26 189 2.71458
0 26 190 1.72737
0 26 191 1.08528
0 26 192 0.198315
0 26 193 0.564287
0 26 194 0.115712
0 26 195 0.18789
0 26 196 0.0918348
0 26 197 0.235917
0 26 198 -0.0148325
0 26 199 0.154407
0 26 200 0.400444
0 26 201 0.0389648
0 26 202 0.0792649
0 26 203 -0.053713
0 26 204 0.0908731
0 26 205 -0.0504285
0 26 206 0.153791
0 26 207 -0.0500944
0 26 208 -0.079242
0 26 209 0.252391
0 26 210 -0.241541
0 26 211 0.0264392
0 26 212 -0.107412
0 26 213 0.111789
0 26 214 0.174053
0 26 215 0.307402
0 26 216 -0.173741
0 26 217 0.187116
0 26 218 0.258314
0 26 219 0.139578
0 26 220 -0.00492345
0 26 221 0.0663541
0 26 222 -0.043107
0 26 223 0.184637
0 26 224 -0.22543
0 26 225 0.0607708
0 26 226 0.0263524
0 26 227 0.0559191
0 26 228 0.0172159
0 26 229 0.168674
0 26 230 0.291409
0 26 231 -0.130692
0 26 232 -0.296289
0 26 233 -0.00182695
0 26 234 -0.0292846
0 26 235 0.0622901
0 26 236 -0.051742
0 26 237 0.0554869
0 26 238 0.000257812
0 26 239 0.0730457
0 26 240 -0.00158207
0 26 241 0.179058
0 26 242 0.116542
0 26 243 0.0869035
0 26 244 0.011013
0 26 245 -0.0937948
0 26 246 0.232875
0 26 247 0.0590874
0 26 248 -0.0607881
0 26 249 0.148833
0 26 250 0.0073264
0 26 251 0.425353
0 26 252 0.274662
0 26 253 0.299937
0 26 254 0.334807
0 26 255 0.209465
