File: 2241raw1.10sec.ar.newDM.f16 Src: J2241-5236 Nsub: 1 Nch: 32 Npol: 1 Nbin: 256 RMS: 0.0244982
0 0 0 -0.0214987
0 0 1 -0.00954404
0 0 2 0.00477794
0 0 3 0.000379529
0 0 4 0.00418444
0 0 5 -0.0284436
0 0 6 -0.0204202
0 0 7 -0.0141863
0 0 8 0.00916329
0 0 9 0.025436
0 0 10 0.000200909
0 0 11 0.0217587
0 0 12 -0.00967043
0 0 13 -0.00926623
0 0 14 0.00768406
0 0 15 -0.0479283
0 0 16 -0.0090542
0 0 17 0.0295968
0 0 18 0.00630497
0 0 19 0.0027568
0 0 20 0.0103469
0 0 21 0.0460481
0 0 22 -0.00507659
0 0 23 0.017929
0 0 24 0.0267495
0 0 25 0.0177013
0 0 26 -0.020625
0 0 27 0.00875638
0 0 28 1.58352e-05
0 0 29 0.018952
0 0 30 -0.00390349
0 0 31 -0.015622
0 0 32 0.024667
0 0 33 -0.0177818
0 0 34 -0.00975814
0 0 35 -0.0185092
0 0 36 -0.0118066
0 0 37 0.0235095
0 0 38 0.0118169
0 0 39 -0.0345156
0 0 40 0.0150555
0 0 41 -0.00721895
0 0 42 0.00330607
0 0 43 -0.0166442
0 0 44 0.0208092
0 0 45 0.00460311
0 0 46 -0.00357553
0 0 47 0.0337405
0 0 48 -0.0394486
0 0 49 -0.03192
0 0 50 0.00821563
0 0 51 0.016643
0 0 52 -0.0244073
0 0 53 -0.00618622
0 0 54 -0.0100157
0 0 55 0.00865487
0 0 56 0.00446972
0 0 57 0.019201
0 0 58 0.0470787
0 0 59 0.0298957
0 0 60 -0.0400918
0 0 61 -0.0214837
0 0 62 0.0107572
0 0 63 0.0013797
0 0 64 -0.0135136
0 0 65 -0.0382396
0 0 66 0.00834587
0 0 67 0.0233701
0 0 68 0.0135981
0 0 69 -0.0129058
0 0 70 0.0115898
0 0 71 -0.0262375
0 0 72 0.0332953
0 0 73 -0.00654527
0 0 74 -0.0100568
0 0 75 -0.0101753
0 0 76 0.0606208
0 0 77 -0.000446263
0 0 78 -0.0284005
0 0 79 -0.00988721
0 0 80 0.0132086
0 0 81 -0.0247235
0 0 82 0.013345
0 0 83 0.0010491
0 0 84 -0.0233321
0 0 85 0.00887185
0 0 86 -0.00567915
0 0 87 -0.0423931
0 0 88 0.0172424
0 0 89 -0.0266681
0 0 90 -0.0155859
0 0 91 0.0106252
0 0 92 -0.0252012
0 0 93 0.0232531
0 0 94 0.00420526
0 0 95 0.0252865
0 0 96 0.0355721
0 0 97 -0.00260588
0 0 98 -0.00475228
0 0 99 0.00744791
0 0 100 0.0257289
0 0 101 -0.0155396
0 0 102 0.0233304
0 0 103 0.00807877
0 0 104 0.0262477
0 0 105 0.000945697
0 0 106 -0.0143443
0 0 107 0.0189369
0 0 108 0.0138595
0 0 109 0.00692409
0 0 110 -0.00106765
0 0 111 -0.0286242
0 0 112 0.00943609
0 0 113 0.0270976
0 0 114 0.016174
0 0 115 0.0167206
0 0 116 -0.00619784
0 0 117 0.0143288
0 0 118 0.00556165
0 0 119 0.0195781
0 0 120 0.0350247
0 0 121 0.00248143
0 0 122 0.0392464
0 0 123 0.00834356
0 0 124 0.00996658
0 0 125 -0.02381
0 0 126 0.0255791
0 0 127 0.0172362
0 0 128 -0.0135499
0 0 129 0.0071187
0 0 130 0.0307066
0 0 131 0.00420373
0 0 132 0.0193359
0 0 133 -0.0170965
0 0 134 0.0105947
0 0 135 -0.0153514
0 0 136 0.0270633
0 0 137 0.00423507
0 0 138 0.005802
0 0 139 -0.0281922
0 0 140 -0.00424985
0 0 141 -0.00262087
0 0 142 0.00455891
0 0 143 0.00489109
0 0 144 -0.0222445
0 0 145 0.0408962
0 0 146 -0.0108274
0 0 147 -0.0458601
0 0 148 0.00242712
0 0 149 -0.00977621
0 0 150 0.00674713
0 0 151 -0.0382776
0 0 152 -0.0075746
0 0 153 0.00426826
0 0 154 -0.0155256
0 0 155 -0.0353802
0 0 156 0.0115366
0 0 157 -0.0364393
0 0 158 -0.0399399
0 0 159 -0.00939661
0 0 160 -0.0085727
0 0 161 -0.031878
0 0 162 0.00901581
0 0 163 -0.00280803
0 0 164 0.030543
0 0 165 -0.0060047
0 0 166 -0.0627443
0 0 167 -0.0216481
0 0 168 -0.0142699
0 0 169 0.0152136
0 0 170 -0.0109544
0 0 171 0.026458
0 0 172 0.0120927
0 0 173 0.00875686
0 0 174 -0.0313723
0 0 175 -0.0399202
0 0 176 0.0025756
0 0 177 0.0376576
0 0 178 -0.0490281
0 0 179 -0.0111476
0 0 180 -0.0119558
0 0 181 0.00537018
0 0 182 0.0116304
0 0 183 0.00414583
0 0 184 0.00654784
0 0 185 0.00924765
0 0 186 -0.0171437
0 0 187 0.00442345
0 0 188 -0.00376851
0 0 189 0.0313922
0 0 190 -0.00356417
0 0 191 0.0134444
0 0 192 -0.00647175
0 0 193 -0.0246677
0 0 194 -0.0215241
0 0 195 -0.0129059
0 0 196 0.00693161
0 0 197 -0.0259162
0 0 198 -0.000318427
0 0 199 -0.0211002
0 0 200 -0.00777906
0 0 201 -0.0272138
0 0 202 0.00237824
0 0 203 0.0193229
0 0 204 -0.0023022
0 0 205 -0.00789254
0 0 206 -0.0258669
0 0 207 0.00984157
0 0 208 0.00862621
0 0 209 0.0366815
0 0 210 0.00539849
0 0 211 -0.0241367
0 0 212 -0.0329516
0 0 213 0.00844908
0 0 214 -0.0339505
0 0 215 -0.0426464
0 0 216 -0.0116779
0 0 217 -0.0178355
0 0 218 0.0177531
0 0 219 -0.00329655
0 0 220 -0.0082155
0 0 221 -0.00117587
0 0 222 -0.00407044
0 0 223 0.00322555
0 0 224 -0.0203978
0 0 225 -0.0113526
0 0 226 -0.00675502
0 0 227 -0.0225404
0 0 228 0.00790098
0 0 229 0.0046728
0 0 230 -0.0173263
0 0 231 0.0283161
0 0 232 -0.0011417
0 0 233 -5.32149e-05
0 0 234 0.00589113
0 0 235 0.0243729
0 0 236 -0.023104
0 0 237 -0.0187729
0 0 238 -0.0358814
0 0 239 0.0288395
0 0 240 0.0099199
0 0 241 -0.0203598
0 0 242 -0.015548
0 0 243 -0.0335468
0 0 244 -0.00407146
0 0 245 0.0403384
0 0 246 -0.00722133
0 0 247 -0.011741
0 0 248 0.0140975
0 0 249 -0.0245803
0 0 250 0.047619
0 0 251 -0.0122028
0 0 252 0.00511068
0 0 253 -0.00822913
0 0 254 -0.00668602
0 0 255 0.00531357
