0 12 0 -0.0576537
0 12 1 0.190706
0 12 2 -0.171296
0 12 3 0.0828063
0 12 4 0.115018
0 12 5 -0.07749
0 12 6 -0.0923661
0 12 7 -0.155046
0 12 8 -0.0645118
0 12 9 -0.134307
0 12 10 -0.00709652
0 12 11 0.0587969
0 12 12 -0.0364481
0 12 13 -0.0445994
0 12 14 -0.0780897
0 12 15 -0.114966
0 12 16 -0.000737009
0 12 17 -0.252885
0 12 18 -0.0774298
0 12 19 -0.0462332
0 12 20 0.00649227
0 12 21 -0.174547
0 12 22 -0.227123
0 12 23 0.302652
0 12 24 0.00804818
0 12 25 0.0344969
0 12 26 -0.0236456
0 12 27 0.00317793
0 12 28 -0.156537
0 12 29 -0.117019
0 12 30 -0.0505101
0 12 31 -0.0447646
0 12 32 -0.174319
0 12 33 -0.0724537
0 12 34 0.0611714
0 12 35 -0.00200054
0 12 36 -0.0955371
0 12 37 0.0606646
0 12 38 -0.157632
0 12 39 -0.0054597
0 12 40 0.0192909
0 12 41 -0.144926
0 12 42 0.0817486
0 12 43 -0.178669
0 12 44 -0.0777824
0 12 45 0.0560487
0 12 46 0.177728
0 12 47 -0.0804014
0 12 48 -0.107542
0 12 49 -0.00296866
0 12 50 0.105158
0 12 51 -0.0684089
0 12 52 0.0541176
0 12 53 0.0253955
0 12 54 -0.0136181
0 12 55 0.17874
0 12 56 0.0868899
0 12 57 -0.0436058
0 12 58 -0.096693
0 12 59 0.0402807
0 12 60 -0.0503937
0 12 61 -0.0427327
0 12 62 0.0104625
0 12 63 0.174951
0 12 64 -0.184827
0 12 65 -0.0496164
0 12 66 -0.0478839
0 12 67 0.14319
0 12 68 0.105971
0 12 69 0.0227355
0 12 70 -0.0311903
0 12 71 0.0278993
0 12 72 -0.0987108
0 12 73 0.0341704
0 12 74 -0.124996
0 12 75 -0.0197983
0 12 76 0.0433481
0 12 77 -0.02987
0 12 78 -0.14893
0 12 79 -0.0390897
0 12 80 0.0219875
0 12 81 -0.135359
0 12 82 0.0171399
0 12 83 0.165375
0 12 84 -0.084889
0 12 85 0.0153768
0 12 86 0.0394108
0 12 87 -0.259958
0 12 88 -0.196048
0 12 89 -0.0874218
0 12 90 0.11456
0 12 91 0.256391
0 12 92 -0.201016
0 12 93 -0.179075
0 12 94 0.16925
0 12 95 -0.119767
0 12 96 -0.197619
0 12 97 0.168738
0 12 98 0.0647504
0 12 99 0.149157
0 12 100 -0.114666
0 12 101 -0.370471
0 12 102 -0.0373631
0 12 103 -0.049884
0 12 104 0.00684985
0 12 105 0.132788
0 12 106 0.210272
0 12 107 -0.0461746
0 12 108 0.196484
0 12 109 0.122916
0 12 110 -0.108657
0 12 111 0.0625565
0 12 112 0.0840945
0 12 113 0.0510642
0 12 114 0.00500306
0 12 115 0.177469
0 12 116 0.0844849
0 12 117 -0.0939911
0 12 118 -0.0252666
0 12 119 0.102329
0 12 120 0.0217913
0 12 121 0.167916
0 12 122 -0.168073
0 12 123 -0.044627
0 12 124 0.153174
0 12 125 0.460535
0 12 126 0.707878
0 12 127 0.668779
0 12 128 1.16701
0 12 129 1.10663
0 12 130 0.723599
0 12 131 0.712792
0 12 132 0.909115
0 12 133 0.796759
0 12 134 0.511167
0 12 135 0.236663
0 12 136 0.0200205
0 12 137 0.237448
0 12 138 0.135457
0 12 139 -0.0135101
0 12 140 0.0414302
0 12 141 -0.00233568
0 12 142 -0.0507873
0 12 143 -0.00367471
0 12 144 -0.112025
0 12 145 0.0294303
0 12 146 -0.109567
0 12 147 0.124471
0 12 148 -0.0928525
0 12 149 0.0708266
0 12 150 -0.168577
0 12 151 -0.0289003
0 12 152 -0.116747
0 12 153 -0.0589278
0 12 154 -0.0791121
0 12 155 0.00422819
0 12 156 -0.159362
0 12 157 0.0181587
0 12 158 0.216842
0 12 159 0.193543
0 12 160 0.167006
0 12 161 -0.187554
0 12 162 0.0658104
0 12 163 -0.0778251
0 12 164 -0.00688008
0 12 165 -0.0665645
0 12 166 0.113294
0 12 167 -0.0142692
0 12 168 0.132608
0 12 169 -0.0681002
0 12 170 0.176793
0 12 171 0.036126
0 12 172 -0.0991426
0 12 173 0.231369
0 12 174 -0.168936
0 12 175 0.0147462
0 12 176 -0.278495
0 12 177 0.0330313
0 12 178 -0.044158
0 12 179 -0.0789565
0 12 180 0.0248635
0 12 181 0.00261449
0 12 182 -0.0863743
0 12 183 0.025517
0 12 184 -0.0636632
0 12 185 0.0241623
0 12 186 0.0795773
0 12 187 -0.168183
0 12 188 0.184488
0 12 189 0.0973314
0 12 190 -4.23782e-05
0 12 191 0.0522538
0 12 192 -0.0854782
0 12 193 -0.0579045
0 12 194 0.00929506
0 12 195 0.0870077
0 12 196 0.0052772
0 12 197 -0.128084
0 12 198 0.118943
0 12 199 0.0962941
0 12 200 -0.0609456
0 12 201 0.0190695
0 12 202 0.16468
0 12 203 0.106755
0 12 204 0.0134726
0 12 205 0.0429056
0 12 206 0.00429803
0 12 207 0.0783904
0 12 208 -0.196733
0 12 209 0.0939103
0 12 210 0.065231
0 12 211 0.0666766
0 12 212 -0.028603
0 12 213 0.0657601
0 12 214 0.136829
0 12 215 -0.0177982
0 12 216 -0.217067
0 12 217 0.209614
0 12 218 0.0596021
0 12 219 -0.0318851
0 12 220 0.157571
0 12 221 -0.0786587
0 12 222 -0.1263
0 12 223 0.230747
0 12 224 -0.157046
0 12 225 0.02421
0 12 226 -0.00641904
0 12 227 0.0344749
0 12 228 0.230801
0 12 229 0.0557182
0 12 230 0.249354
0 12 231 -0.0328771
0 12 232 -0.00789783
0 12 233 0.174024
0 12 234 -0.238785
0 12 235 -0.0321464
0 12 236 -0.103285
0 12 237 -0.0392811
0 12 238 0.0547355
0 12 239 0.168309
0 12 240 -0.0458337
0 12 241 0.055841
0 12 242 -0.133338
0 12 243 0.0669049
0 12 244 -0.0536541
0 12 245 0.0969231
0 12 246 0.0479635
0 12 247 -0.142472
0 12 248 0.132844
0 12 249 -0.00476632
0 12 250 -0.216666
0 12 251 -0.0559886
0 12 252 0.113597
0 12 253 0.0203209
0 12 254 -0.104431
0 12 255 -0.156817
