0 0 0 9.65772e-07
0 0 1 -2.09149e-07
0 0 2 2.0369e-07
0 0 3 1.0542e-06
0 0 4 1.69679e-06
0 0 5 -2.12647e-07
0 0 6 -3.65392e-07
0 0 7 -1.87081e-07
0 0 8 -5.32127e-08
0 0 9 1.13716e-06
0 0 10 -8.63935e-08
0 0 11 -7.23441e-08
0 0 12 1.59332e-06
0 0 13 1.43627e-06
0 0 14 4.39105e-07
0 0 15 -7.13945e-07
0 0 16 3.50224e-07
0 0 17 2.37281e-07
0 0 18 -3.05214e-07
0 0 19 -1.52036e-07
0 0 20 -8.79696e-07
0 0 21 2.8053e-07
0 0 22 -1.49787e-07
0 0 23 6.61219e-07
0 0 24 2.05282e-07
0 0 25 2.57576e-06
0 0 26 1.28127e-06
0 0 27 1.33286e-06
0 0 28 -2.48369e-07
0 0 29 4.65067e-07
0 0 30 2.94022e-07
0 0 31 -8.76078e-08
0 0 32 6.71412e-07
0 0 33 7.71588e-07
0 0 34 1.43781e-06
0 0 35 8.76567e-07
0 0 36 1.29259e-06
0 0 37 3.53729e-07
0 0 38 1.59123e-06
0 0 39 5.56543e-07
0 0 40 1.31858e-06
0 0 41 1.09788e-06
0 0 42 1.0519e-06
0 0 43 -2.56357e-07
0 0 44 3.91943e-07
0 0 45 2.08424e-07
0 0 46 3.32939e-08
0 0 47 2.59763e-07
0 0 48 -5.33355e-07
0 0 49 -7.95599e-07
0 0 50 -6.754e-08
0 0 51 -3.47532e-07
0 0 52 -8.07356e-07
0 0 53 8.49227e-07
0 0 54 -4.72002e-08
0 0 55 -1.43561e-06
0 0 56 -2.17846e-06
0 0 57 -1.14933e-06
0 0 58 -7.96303e-07
0 0 59 1.00611e-06
0 0 60 1.04214e-06
0 0 61 7.71032e-07
0 0 62 1.33355e-06
0 0 63 -1.4755e-06
0 0 64 7.39902e-09
0 0 65 3.65274e-08
0 0 66 1.37603e-06
0 0 67 -3.96861e-07
0 0 68 2.25325e-06
0 0 69 -6.8292e-08
0 0 70 -2.26813e-07
0 0 71 2.20456e-07
0 0 72 -1.11925e-06
0 0 73 -4.21758e-07
0 0 74 8.51795e-07
0 0 75 5.67084e-07
0 0 76 -1.78428e-06
0 0 77 -4.09187e-07
0 0 78 1.96098e-06
0 0 79 2.38683e-07
0 0 80 1.0628e-06
0 0 81 7.08845e-08
0 0 82 -5.79867e-08
0 0 83 7.85491e-07
0 0 84 1.87079e-06
0 0 85 -2.31942e-07
0 0 86 3.33777e-07
0 0 87 -7.06152e-07
0 0 88 2.27103e-07
0 0 89 6.32171e-07
0 0 90 2.11737e-07
0 0 91 5.90887e-07
0 0 92 -1.21389e-06
0 0 93 -8.25595e-07
0 0 94 1.08952e-06
0 0 95 1.03069e-07
0 0 96 -2.2718e-07
0 0 97 3.64069e-08
0 0 98 -2.4116e-07
0 0 99 1.08487e-06
0 0 100 1.06515e-06
0 0 101 -1.85948e-07
0 0 102 -8.25964e-08
0 0 103 2.11808e-07
0 0 104 1.27722e-06
0 0 105 4.81695e-07
0 0 106 2.16021e-06
0 0 107 -1.55278e-06
0 0 108 6.77325e-07
0 0 109 1.06358e-06
0 0 110 1.28234e-06
0 0 111 1.99952e-07
0 0 112 -1.17349e-07
0 0 113 -1.17724e-06
0 0 114 -4.30892e-07
0 0 115 6.99191e-07
0 0 116 -8.10837e-07
0 0 117 6.10077e-07
0 0 118 6.39043e-07
0 0 119 5.27322e-07
0 0 120 -1.69973e-07
0 0 121 1.6115e-06
0 0 122 9.38824e-07
0 0 123 1.06654e-06
0 0 124 1.45103e-07
0 0 125 -3.11712e-07
0 0 126 1.82971e-07
0 0 127 3.61882e-07
0 0 128 4.53299e-07
0 0 129 2.94617e-07
0 0 130 -9.6777e-07
0 0 131 5.9198e-07
0 0 132 -1.71451e-06
0 0 133 1.20309e-06
0 0 134 1.4509e-06
0 0 135 1.39374e-06
0 0 136 5.87247e-07
0 0 137 4.71621e-07
0 0 138 2.0223e-06
0 0 139 2.47228e-07
0 0 140 1.64654e-06
0 0 141 1.47342e-07
0 0 142 1.94387e-06
0 0 143 1.02809e-06
0 0 144 -3.26169e-07
0 0 145 -5.12687e-07
0 0 146 5.38831e-07
0 0 147 6.79887e-07
0 0 148 7.27879e-07
0 0 149 -4.4819e-08
0 0 150 6.00743e-07
0 0 151 1.21998e-06
0 0 152 1.36956e-06
0 0 153 2.2404e-06
0 0 154 3.36177e-07
0 0 155 6.09285e-08
0 0 156 1.22726e-06
0 0 157 2.39926e-06
0 0 158 -4.08898e-07
0 0 159 1.95086e-06
0 0 160 1.03978e-06
0 0 161 7.55757e-07
0 0 162 1.10851e-06
0 0 163 1.13122e-07
0 0 164 9.66166e-07
0 0 165 1.68566e-06
0 0 166 1.72882e-06
0 0 167 1.98663e-06
0 0 168 2.40254e-06
0 0 169 3.3249e-06
0 0 170 2.90604e-06
0 0 171 3.52426e-06
0 0 172 4.90093e-06
0 0 173 7.0992e-06
0 0 174 9.39764e-06
0 0 175 9.90722e-06
0 0 176 1.03257e-05
0 0 177 8.5473e-06
0 0 178 6.19924e-06
0 0 179 6.50709e-06
0 0 180 4.88948e-06
0 0 181 2.95546e-06
0 0 182 1.50706e-06
0 0 183 6.45697e-07
0 0 184 -2.38132e-07
0 0 185 1.53601e-06
0 0 186 -8.85685e-07
0 0 187 -1.16803e-06
0 0 188 3.90991e-07
0 0 189 -1.89945e-07
0 0 190 3.14379e-07
0 0 191 4.11855e-07
0 0 192 2.39886e-06
0 0 193 8.42717e-07
0 0 194 4.99287e-07
0 0 195 -1.15474e-07
0 0 196 2.18159e-07
0 0 197 -2.59845e-07
0 0 198 -4.57635e-07
0 0 199 -1.79354e-06
0 0 200 -9.85267e-07
0 0 201 -5.23798e-07
0 0 202 1.4013e-06
0 0 203 6.76357e-07
0 0 204 4.7289e-07
0 0 205 9.77599e-07
0 0 206 1.10832e-06
0 0 207 3.08288e-07
0 0 208 -9.9243e-07
0 0 209 5.37485e-07
0 0 210 -2.77427e-07
0 0 211 -3.29127e-07
0 0 212 -7.47336e-07
0 0 213 -1.81856e-06
0 0 214 4.62984e-07
0 0 215 4.52696e-07
0 0 216 3.3635e-07
0 0 217 4.75158e-07
0 0 218 9.93556e-08
0 0 219 -3.45047e-07
0 0 220 9.1004e-07
0 0 221 6.90351e-07
0 0 222 4.92635e-07
0 0 223 3.90792e-07
0 0 224 2.34827e-06
0 0 225 -3.33673e-07
0 0 226 -2.17114e-06
0 0 227 7.51115e-07
0 0 228 -5.9377e-07
0 0 229 -6.83808e-07
0 0 230 7.40148e-07
0 0 231 -3.60241e-07
0 0 232 4.43306e-07
0 0 233 3.44488e-07
0 0 234 -1.07172e-07
0 0 235 1.16198e-06
0 0 236 5.95963e-07
0 0 237 4.03075e-07
0 0 238 1.68882e-06
0 0 239 -1.30011e-06
0 0 240 2.49727e-07
0 0 241 -3.61329e-07
0 0 242 3.96143e-07
0 0 243 -9.2894e-08
0 0 244 6.71367e-08
0 0 245 1.6702e-06
0 0 246 6.56313e-08
0 0 247 1.17314e-07
0 0 248 7.71912e-07
0 0 249 -1.66272e-07
0 0 250 5.33725e-07
0 0 251 9.81863e-08
0 0 252 -3.58695e-08
0 0 253 -2.28139e-06
0 0 254 -1.15841e-06
0 0 255 1.30753e-06
