0 0 0 8.48655e-07
0 0 1 -1.09132e-06
0 0 2 -1.12356e-06
0 0 3 5.19241e-07
0 0 4 -6.22025e-07
0 0 5 -7.23754e-07
0 0 6 1.32739e-06
0 0 7 2.74614e-07
0 0 8 -2.11142e-07
0 0 9 3.69483e-07
0 0 10 1.42953e-06
0 0 11 -5.30234e-07
0 0 12 -9.99039e-07
0 0 13 5.89059e-08
0 0 14 1.22225e-06
0 0 15 -2.58577e-07
0 0 16 -3.57277e-07
0 0 17 -5.28305e-07
0 0 18 -1.09511e-06
0 0 19 2.05948e-07
0 0 20 5.15441e-07
0 0 21 -9.65884e-08
0 0 22 -4.01455e-07
0 0 23 8.94563e-08
0 0 24 7.69229e-07
0 0 25 -2.1294e-07
0 0 26 -7.91754e-08
0 0 27 1.66289e-06
0 0 28 5.57043e-07
0 0 29 -2.39429e-07
0 0 30 1.029e-06
0 0 31 -1.27717e-07
0 0 32 1.44149e-07
0 0 33 4.51766e-07
0 0 34 2.26546e-06
0 0 35 2.12757e-08
0 0 36 -6.78262e-07
0 0 37 -4.40958e-07
0 0 38 3.30476e-07
0 0 39 1.74766e-07
0 0 40 -3.26258e-07
0 0 41 -2.42508e-07
0 0 42 -6.93822e-07
0 0 43 4.08392e-09
0 0 44 3.60926e-08
0 0 45 1.09163e-06
0 0 46 -1.26452e-07
0 0 47 6.20735e-07
0 0 48 5.68021e-07
0 0 49 -1.0247e-07
0 0 50 -5.13218e-07
0 0 51 -4.79821e-07
0 0 52 2.65075e-06
0 0 53 5.82005e-07
0 0 54 4.40854e-07
0 0 55 -4.74534e-07
0 0 56 -3.07085e-07
0 0 57 3.5084e-08
0 0 58 -3.56406e-07
0 0 59 1.08807e-06
0 0 60 7.92483e-07
0 0 61 1.03732e-06
0 0 62 1.63811e-06
0 0 63 7.15434e-07
0 0 64 7.29085e-07
0 0 65 -3.49968e-07
0 0 66 4.0672e-08
0 0 67 -4.83262e-07
0 0 68 -3.2648e-08
0 0 69 -1.09963e-06
0 0 70 -4.68099e-07
0 0 71 1.57477e-06
0 0 72 -8.32386e-07
0 0 73 -1.00057e-06
0 0 74 2.90733e-07
0 0 75 1.19428e-06
0 0 76 -1.34663e-06
0 0 77 -3.48657e-07
0 0 78 6.89742e-07
0 0 79 -1.11126e-06
0 0 80 -8.16472e-07
0 0 81 -1.91059e-07
0 0 82 1.79212e-07
0 0 83 4.33809e-07
0 0 84 4.24902e-07
0 0 85 -5.31541e-08
0 0 86 -8.7343e-07
0 0 87 -3.38826e-07
0 0 88 2.41614e-06
0 0 89 -1.28545e-06
0 0 90 2.74295e-07
0 0 91 1.26438e-06
0 0 92 -5.17227e-07
0 0 93 6.71928e-07
0 0 94 -1.97173e-09
0 0 95 9.33362e-07
0 0 96 1.58626e-08
0 0 97 -1.13315e-06
0 0 98 -1.33649e-06
0 0 99 1.17941e-06
0 0 100 3.89307e-07
0 0 101 1.21333e-06
0 0 102 -5.6594e-07
0 0 103 6.02586e-07
0 0 104 -4.23691e-07
0 0 105 -4.18995e-07
0 0 106 2.21278e-06
0 0 107 -6.22416e-07
0 0 108 -1.66668e-07
0 0 109 9.92366e-07
0 0 110 -1.5927e-07
0 0 111 -1.63377e-06
0 0 112 -5.14566e-07
0 0 113 1.57708e-08
0 0 114 5.26805e-07
0 0 115 -4.84853e-07
0 0 116 -2.32339e-07
0 0 117 -3.5408e-07
0 0 118 -8.68388e-07
0 0 119 7.59453e-08
0 0 120 1.00862e-06
0 0 121 7.77141e-07
0 0 122 -1.07262e-06
0 0 123 -4.40451e-07
0 0 124 5.17966e-07
0 0 125 -2.44277e-07
0 0 126 -9.55984e-08
0 0 127 5.5441e-07
0 0 128 7.65763e-08
0 0 129 9.81387e-07
0 0 130 3.1553e-07
0 0 131 1.59535e-06
0 0 132 1.57583e-07
0 0 133 -1.13483e-06
0 0 134 1.77134e-07
0 0 135 -3.77211e-07
0 0 136 1.84193e-06
0 0 137 1.38302e-06
0 0 138 2.55888e-07
0 0 139 7.66096e-08
0 0 140 -5.43175e-07
0 0 141 7.53722e-07
0 0 142 2.77825e-07
0 0 143 1.32214e-07
0 0 144 8.17594e-07
0 0 145 -1.45584e-06
0 0 146 -3.64295e-08
0 0 147 1.07927e-06
0 0 148 4.19101e-07
0 0 149 7.13307e-07
0 0 150 -5.40486e-07
0 0 151 4.2067e-07
0 0 152 4.082e-07
0 0 153 -3.0221e-07
0 0 154 3.2699e-06
0 0 155 -8.19258e-08
0 0 156 9.11691e-07
0 0 157 3.419e-07
0 0 158 1.00852e-06
0 0 159 7.1574e-08
0 0 160 -3.47264e-07
0 0 161 -3.60824e-07
0 0 162 -1.08837e-07
0 0 163 -1.34749e-07
0 0 164 -1.46992e-07
0 0 165 2.68532e-07
0 0 166 2.81496e-06
0 0 167 2.69478e-06
0 0 168 2.06831e-06
0 0 169 -1.59259e-07
0 0 170 8.2475e-07
0 0 171 -3.69941e-07
0 0 172 3.60229e-06
0 0 173 3.013e-06
0 0 174 3.99806e-06
0 0 175 7.63099e-06
0 0 176 1.30016e-05
0 0 177 1.48812e-05
0 0 178 1.10718e-05
0 0 179 8.68695e-06
0 0 180 8.19476e-06
0 0 181 7.16471e-06
0 0 182 5.61174e-06
0 0 183 4.35329e-06
0 0 184 1.48655e-06
0 0 185 1.15354e-06
0 0 186 5.92402e-07
0 0 187 1e-07
0 0 188 1.55153e-06
0 0 189 1.17281e-07
0 0 190 -6.35912e-08
0 0 191 2.60586e-07
0 0 192 4.4396e-07
0 0 193 -3.60403e-07
0 0 194 7.649e-07
0 0 195 1.52945e-07
0 0 196 4.51846e-07
0 0 197 -3.37914e-07
0 0 198 -1.63369e-07
0 0 199 -2.28405e-07
0 0 200 -6.5925e-07
0 0 201 7.57509e-07
0 0 202 1.37494e-06
0 0 203 -5.62184e-07
0 0 204 1.15968e-07
0 0 205 1.53904e-06
0 0 206 -1.82794e-06
0 0 207 -1.91936e-06
0 0 208 3.40293e-07
0 0 209 2.94298e-07
0 0 210 7.03507e-07
0 0 211 8.1008e-07
0 0 212 3.85023e-07
0 0 213 -3.76408e-07
0 0 214 -6.09251e-07
0 0 215 5.15562e-07
0 0 216 -1.2015e-07
0 0 217 -1.9349e-06
0 0 218 1.90887e-06
0 0 219 -2.87446e-09
0 0 220 -3.61311e-08
0 0 221 -8.10321e-08
0 0 222 -1.40529e-06
0 0 223 1.62717e-06
0 0 224 2.69773e-07
0 0 225 8.1389e-08
0 0 226 1.4848e-06
0 0 227 1.61761e-06
0 0 228 -3.10797e-07
0 0 229 4.55178e-07
0 0 230 2.75432e-06
0 0 231 -1.34999e-06
0 0 232 -6.0579e-07
0 0 233 5.03574e-07
0 0 234 -8.36265e-07
0 0 235 1.81841e-06
0 0 236 -1.02766e-06
0 0 237 9.68722e-07
0 0 238 4.90129e-08
0 0 239 1.12767e-06
0 0 240 8.88961e-07
0 0 241 -2.36431e-07
0 0 242 1.72411e-06
0 0 243 -9.30763e-07
0 0 244 1.85286e-06
0 0 245 4.01371e-07
0 0 246 -4.56453e-10
0 0 247 -2.83486e-06
0 0 248 9.13805e-07
0 0 249 -1.27918e-07
0 0 250 -2.95419e-07
0 0 251 -6.29934e-07
0 0 252 1.21357e-06
0 0 253 -7.85914e-07
0 0 254 6.6279e-07
0 0 255 1.91993e-07
