0 0 0 4.20715e-07
0 0 1 -5.28713e-07
0 0 2 -1.02022e-06
0 0 3 -5.66743e-07
0 0 4 1.33576e-06
0 0 5 2.30972e-07
0 0 6 1.70937e-07
0 0 7 8.11235e-07
0 0 8 -5.11643e-07
0 0 9 1.24496e-07
0 0 10 1.1598e-06
0 0 11 3.44555e-07
0 0 12 2.60295e-08
0 0 13 1.73138e-06
0 0 14 -4.8574e-07
0 0 15 -1.67078e-07
0 0 16 2.72976e-07
0 0 17 2.20891e-07
0 0 18 7.32437e-07
0 0 19 2.85941e-08
0 0 20 -1.86914e-07
0 0 21 1.14542e-06
0 0 22 1.3279e-06
0 0 23 2.34836e-07
0 0 24 -1.47604e-07
0 0 25 -1.00844e-06
0 0 26 -1.32895e-07
0 0 27 -1.53725e-06
0 0 28 -1.16832e-08
0 0 29 -1.4997e-06
0 0 30 2.45662e-08
0 0 31 2.58943e-07
0 0 32 -5.78535e-07
0 0 33 -1.88798e-07
0 0 34 -5.21239e-08
0 0 35 4.68622e-07
0 0 36 2.41161e-07
0 0 37 -1.64178e-07
0 0 38 1.11197e-06
0 0 39 -8.09674e-07
0 0 40 -1.53784e-07
0 0 41 7.37139e-07
0 0 42 2.56399e-07
0 0 43 9.7165e-07
0 0 44 4.57502e-07
0 0 45 -5.66123e-07
0 0 46 -8.26331e-07
0 0 47 2.12175e-07
0 0 48 -3.52588e-07
0 0 49 1.44845e-06
0 0 50 3.80597e-08
0 0 51 9.68743e-07
0 0 52 -4.27353e-07
0 0 53 8.03714e-07
0 0 54 2.53105e-07
0 0 55 -6.35434e-08
0 0 56 1.70073e-06
0 0 57 9.5266e-07
0 0 58 -1.38521e-06
0 0 59 3.78463e-07
0 0 60 6.05019e-07
0 0 61 -1.69927e-06
0 0 62 2.86928e-07
0 0 63 1.53029e-07
0 0 64 -1.35965e-06
0 0 65 6.08368e-07
0 0 66 8.96698e-07
0 0 67 -2.05319e-07
0 0 68 2.27613e-07
0 0 69 6.97451e-07
0 0 70 -5.31966e-07
0 0 71 -9.90951e-07
0 0 72 1.68021e-06
0 0 73 -2.73733e-07
0 0 74 -1.2919e-06
0 0 75 8.68983e-07
0 0 76 9.93085e-07
0 0 77 -2.33735e-07
0 0 78 3.37203e-07
0 0 79 9.81079e-07
0 0 80 1.32518e-06
0 0 81 9.54381e-07
0 0 82 -3.85821e-07
0 0 83 8.82077e-07
0 0 84 -2.33498e-07
0 0 85 5.58824e-07
0 0 86 1.23098e-07
0 0 87 1.69669e-06
0 0 88 -7.38858e-07
0 0 89 -2.35897e-07
0 0 90 1.49497e-06
0 0 91 4.85969e-09
0 0 92 -1.48683e-06
0 0 93 -3.53149e-07
0 0 94 4.2123e-08
0 0 95 2.68875e-08
0 0 96 5.82415e-07
0 0 97 7.31547e-07
0 0 98 1.30017e-06
0 0 99 1.28296e-06
0 0 100 -1.14031e-07
0 0 101 4.73754e-07
0 0 102 -6.28734e-09
0 0 103 -4.66538e-07
0 0 104 3.5896e-07
0 0 105 7.6388e-07
0 0 106 5.14892e-07
0 0 107 -1.31782e-06
0 0 108 9.33154e-07
0 0 109 2.30636e-07
0 0 110 1.69382e-06
0 0 111 2.84578e-07
0 0 112 -4.2188e-07
0 0 113 -4.98569e-07
0 0 114 -6.96584e-07
0 0 115 4.33904e-07
0 0 116 -3.05118e-07
0 0 117 3.16916e-07
0 0 118 1.45981e-08
0 0 119 1.87974e-07
0 0 120 5.15221e-07
0 0 121 5.61861e-07
0 0 122 1.15964e-06
0 0 123 -3.78563e-07
0 0 124 5.36618e-07
0 0 125 -7.05637e-07
0 0 126 -1.7196e-07
0 0 127 2.08359e-07
0 0 128 -5.75296e-07
0 0 129 -5.08624e-08
0 0 130 -6.4777e-07
0 0 131 2.24518e-07
0 0 132 -1.80465e-07
0 0 133 1.51393e-06
0 0 134 6.69618e-07
0 0 135 -1.28736e-06
0 0 136 -7.73482e-07
0 0 137 2.28025e-07
0 0 138 8.71014e-07
0 0 139 -1.26239e-06
0 0 140 8.57068e-07
0 0 141 1.19867e-06
0 0 142 3.51687e-06
0 0 143 -6.03677e-07
0 0 144 9.64466e-07
0 0 145 1.72279e-06
0 0 146 1.50269e-06
0 0 147 6.28501e-08
0 0 148 6.47781e-07
0 0 149 -1.27491e-07
0 0 150 1.49969e-07
0 0 151 -3.6774e-07
0 0 152 9.55196e-07
0 0 153 1.04955e-06
0 0 154 7.06259e-07
0 0 155 6.60967e-07
0 0 156 -1.98542e-07
0 0 157 2.41468e-06
0 0 158 1.77869e-06
0 0 159 2.85893e-06
0 0 160 3.75948e-06
0 0 161 1.62902e-06
0 0 162 3.30368e-06
0 0 163 2.40591e-06
0 0 164 2.19859e-06
0 0 165 9.35441e-07
0 0 166 1.07849e-06
0 0 167 1.93279e-06
0 0 168 6.32486e-07
0 0 169 1.12219e-06
0 0 170 -2.40626e-07
0 0 171 3.6474e-07
0 0 172 1.80753e-06
0 0 173 4.70062e-07
0 0 174 1.78053e-06
0 0 175 2.41374e-06
0 0 176 2.37431e-06
0 0 177 3.64297e-06
0 0 178 4.1217e-06
0 0 179 5.80515e-06
0 0 180 8.40391e-06
0 0 181 1.38798e-05
0 0 182 1.86406e-05
0 0 183 1.75074e-05
0 0 184 1.31319e-05
0 0 185 1.07516e-05
0 0 186 7.78521e-06
0 0 187 5.50986e-06
0 0 188 2.23073e-06
0 0 189 3.09157e-06
0 0 190 2.39447e-06
0 0 191 2.05578e-06
0 0 192 1.80601e-06
0 0 193 2.45711e-06
0 0 194 -4.82206e-08
0 0 195 -3.78207e-07
0 0 196 3.12122e-07
0 0 197 -1.00363e-06
0 0 198 5.47831e-07
0 0 199 1.38749e-06
0 0 200 4.3231e-07
0 0 201 2.45768e-07
0 0 202 1.15373e-06
0 0 203 -1.67311e-07
0 0 204 -2.56521e-07
0 0 205 -9.75242e-07
0 0 206 4.51911e-07
0 0 207 1.47734e-06
0 0 208 4.43741e-07
0 0 209 -1.13392e-06
0 0 210 1.74335e-06
0 0 211 1.44017e-06
0 0 212 1.84181e-07
0 0 213 -7.99561e-08
0 0 214 -1.14041e-06
0 0 215 9.54382e-07
0 0 216 4.55608e-07
0 0 217 -4.3899e-07
0 0 218 3.00744e-07
0 0 219 3.90687e-07
0 0 220 4.83806e-07
0 0 221 -2.97541e-07
0 0 222 -7.49336e-07
0 0 223 2.96241e-07
0 0 224 1.05767e-06
0 0 225 7.28198e-07
0 0 226 1.94489e-06
0 0 227 -1.59999e-07
0 0 228 8.16333e-07
0 0 229 -1.36246e-07
0 0 230 8.78958e-07
0 0 231 -6.91418e-07
0 0 232 8.77581e-07
0 0 233 -3.7333e-07
0 0 234 5.85318e-07
0 0 235 -9.58516e-07
0 0 236 1.37515e-06
0 0 237 8.60434e-07
0 0 238 2.70128e-07
0 0 239 -1.18913e-06
0 0 240 5.25112e-07
0 0 241 -4.59598e-07
0 0 242 9.86886e-07
0 0 243 -9.575e-08
0 0 244 -2.2231e-06
0 0 245 -4.62891e-08
0 0 246 9.20129e-07
0 0 247 -1.35021e-06
0 0 248 -4.79297e-07
0 0 249 -4.15898e-09
0 0 250 -1.05507e-06
0 0 251 1.28173e-06
0 0 252 4.51194e-07
0 0 253 1.85826e-06
0 0 254 -1.46495e-07
0 0 255 -6.83026e-07
