0 0 0 4.64863e-07
0 0 1 3.3552e-07
0 0 2 1.01089e-07
0 0 3 7.82171e-07
0 0 4 -1.32447e-06
0 0 5 -1.28311e-06
0 0 6 -6.35509e-07
0 0 7 7.7652e-07
0 0 8 9.44176e-07
0 0 9 -6.15683e-07
0 0 10 -3.48411e-07
0 0 11 9.87332e-07
0 0 12 9.0883e-07
0 0 13 1.68376e-06
0 0 14 2.75245e-06
0 0 15 4.84655e-07
0 0 16 -7.92572e-07
0 0 17 1.64926e-06
0 0 18 6.50136e-07
0 0 19 1.02055e-07
0 0 20 1.02398e-06
0 0 21 -6.48441e-07
0 0 22 -8.99336e-08
0 0 23 7.46809e-07
0 0 24 1.48674e-07
0 0 25 -7.29756e-08
0 0 26 -5.39349e-07
0 0 27 1.40368e-07
0 0 28 9.79132e-07
0 0 29 2.89998e-09
0 0 30 -5.19716e-07
0 0 31 1.50496e-06
0 0 32 -4.02839e-07
0 0 33 -3.3603e-07
0 0 34 3.7151e-07
0 0 35 -2.17115e-07
0 0 36 -1.42161e-06
0 0 37 3.13107e-07
0 0 38 -8.97296e-07
0 0 39 -8.41366e-07
0 0 40 5.25054e-07
0 0 41 6.88869e-07
0 0 42 9.82896e-07
0 0 43 -9.92641e-07
0 0 44 1.41853e-06
0 0 45 -1.72805e-07
0 0 46 1.5537e-06
0 0 47 -1.22759e-06
0 0 48 3.6015e-07
0 0 49 -6.14221e-07
0 0 50 -1.46872e-06
0 0 51 2.04515e-06
0 0 52 -1.18211e-06
0 0 53 -1.0001e-06
0 0 54 -4.45362e-08
0 0 55 1.10525e-06
0 0 56 -4.29405e-07
0 0 57 4.92801e-07
0 0 58 -3.57715e-07
0 0 59 1.61837e-07
0 0 60 -2.75839e-07
0 0 61 6.42462e-08
0 0 62 -8.69361e-08
0 0 63 1.73907e-06
0 0 64 5.22625e-07
0 0 65 -1.49456e-06
0 0 66 -5.96468e-07
0 0 67 4.57073e-07
0 0 68 7.34746e-07
0 0 69 9.65574e-07
0 0 70 -4.01344e-07
0 0 71 1.32747e-06
0 0 72 2.27841e-07
0 0 73 6.06953e-07
0 0 74 -1.02296e-06
0 0 75 3.45983e-07
0 0 76 3.89591e-07
0 0 77 -2.39421e-07
0 0 78 1.40171e-06
0 0 79 -1.41717e-06
0 0 80 -3.94509e-08
0 0 81 9.0926e-07
0 0 82 -3.63753e-07
0 0 83 1.53232e-07
0 0 84 -2.04545e-06
0 0 85 -4.9378e-07
0 0 86 -1.14211e-07
0 0 87 -1.92635e-07
0 0 88 9.58434e-07
0 0 89 1.73087e-06
0 0 90 7.91503e-07
0 0 91 8.95678e-07
0 0 92 8.62977e-07
0 0 93 1.71918e-07
0 0 94 3.16488e-07
0 0 95 -7.79874e-07
0 0 96 7.52202e-07
0 0 97 3.03729e-07
0 0 98 1.24173e-06
0 0 99 -3.3423e-07
0 0 100 -1.04445e-06
0 0 101 -2.51621e-07
0 0 102 -1.56335e-07
0 0 103 -6.59707e-07
0 0 104 -4.28399e-07
0 0 105 -1.62966e-07
0 0 106 7.32921e-07
0 0 107 1.47194e-06
0 0 108 5.89324e-07
0 0 109 1.08195e-06
0 0 110 8.87048e-07
0 0 111 1.16431e-07
0 0 112 -4.5661e-07
0 0 113 3.60529e-07
0 0 114 1.07403e-06
0 0 115 -3.27474e-07
0 0 116 1.5943e-06
0 0 117 8.95159e-08
0 0 118 7.83196e-07
0 0 119 1.06315e-07
0 0 120 1.81913e-06
0 0 121 3.43598e-07
0 0 122 -1.11805e-06
0 0 123 -1.12839e-07
0 0 124 5.82498e-07
0 0 125 -1.12911e-06
0 0 126 -6.65596e-07
0 0 127 -2.9771e-07
0 0 128 1.21105e-08
0 0 129 4.81385e-07
0 0 130 1.45958e-06
0 0 131 1.88718e-06
0 0 132 1.48468e-06
0 0 133 4.30337e-07
0 0 134 1.03841e-06
0 0 135 1.60765e-06
0 0 136 3.23203e-06
0 0 137 2.24956e-06
0 0 138 2.92105e-06
0 0 139 2.00811e-06
0 0 140 5.06873e-07
0 0 141 2.9074e-06
0 0 142 -3.33062e-07
0 0 143 8.98076e-08
0 0 144 5.56507e-07
0 0 145 6.46862e-07
0 0 146 -5.36628e-07
0 0 147 3.80923e-07
0 0 148 1.29167e-06
0 0 149 -1.29424e-06
0 0 150 1.30152e-06
0 0 151 1.78535e-06
0 0 152 1.91176e-06
0 0 153 2.73913e-06
0 0 154 1.34038e-06
0 0 155 2.56051e-06
0 0 156 4.7814e-06
0 0 157 2.37017e-06
0 0 158 1.94777e-06
0 0 159 1.84786e-06
0 0 160 1.7321e-06
0 0 161 5.46521e-07
0 0 162 2.22044e-06
0 0 163 1.02843e-06
0 0 164 1.39895e-06
0 0 165 1.07002e-06
0 0 166 2.3541e-06
0 0 167 1.5136e-06
0 0 168 2.28513e-06
0 0 169 2.19785e-06
0 0 170 3.18365e-06
0 0 171 4.84919e-06
0 0 172 3.25333e-06
0 0 173 6.88602e-06
0 0 174 1.07996e-05
0 0 175 1.80012e-05
0 0 176 2.36866e-05
0 0 177 2.22551e-05
0 0 178 1.84495e-05
0 0 179 1.46806e-05
0 0 180 1.25009e-05
0 0 181 7.36378e-06
0 0 182 7.15099e-06
0 0 183 4.20569e-06
0 0 184 2.96426e-06
0 0 185 2.49362e-06
0 0 186 3.70321e-07
0 0 187 1.45739e-06
0 0 188 6.6942e-07
0 0 189 1.07245e-06
0 0 190 2.00332e-06
0 0 191 1.85556e-06
0 0 192 9.33302e-07
0 0 193 1.39781e-06
0 0 194 3.78144e-07
0 0 195 -1.08217e-06
0 0 196 5.96051e-07
0 0 197 -4.64118e-07
0 0 198 5.74836e-07
0 0 199 1.71196e-08
0 0 200 1.21539e-07
0 0 201 -3.23734e-07
0 0 202 -1.9473e-06
0 0 203 1.04913e-06
0 0 204 3.31994e-07
0 0 205 8.51406e-08
0 0 206 -6.42742e-07
0 0 207 1.22101e-06
0 0 208 -5.63068e-07
0 0 209 4.66828e-07
0 0 210 -2.59893e-07
0 0 211 -4.51318e-07
0 0 212 2.30149e-06
0 0 213 -1.09983e-07
0 0 214 5.41211e-08
0 0 215 5.94561e-07
0 0 216 9.5406e-07
0 0 217 -2.30873e-06
0 0 218 -3.41993e-07
0 0 219 2.30318e-07
0 0 220 5.42504e-07
0 0 221 5.11786e-07
0 0 222 9.58966e-07
0 0 223 -1.45637e-06
0 0 224 2.53779e-07
0 0 225 1.33725e-06
0 0 226 -1.27973e-06
0 0 227 9.15077e-09
0 0 228 5.01078e-07
0 0 229 -7.47029e-08
0 0 230 1.30838e-06
0 0 231 -1.45144e-07
0 0 232 5.0204e-07
0 0 233 1.4532e-06
0 0 234 1.02269e-06
0 0 235 7.10188e-07
0 0 236 1.11113e-06
0 0 237 1.13387e-06
0 0 238 -6.45088e-07
0 0 239 -9.48978e-07
0 0 240 -1.34588e-07
0 0 241 9.59599e-08
0 0 242 8.16962e-07
0 0 243 1.02679e-07
0 0 244 1.03784e-06
0 0 245 1.76489e-06
0 0 246 -1.01521e-06
0 0 247 -1.7898e-06
0 0 248 5.13084e-07
0 0 249 1.05108e-06
0 0 250 -5.10022e-07
0 0 251 5.50399e-07
0 0 252 -1.14751e-06
0 0 253 3.03536e-07
0 0 254 -8.92967e-07
0 0 255 -4.1019e-07
