0 0 0 1.35477e-06
0 0 1 9.56171e-07
0 0 2 -1.52949e-06
0 0 3 1.5993e-06
0 0 4 -1.7542e-06
0 0 5 1.34459e-06
0 0 6 -1.46521e-07
0 0 7 1.2464e-07
0 0 8 4.55506e-07
0 0 9 -9.8808e-08
0 0 10 6.58682e-07
0 0 11 9.92726e-07
0 0 12 4.15375e-07
0 0 13 2.27717e-06
0 0 14 1.088e-06
0 0 15 1.69648e-06
0 0 16 1.06402e-07
0 0 17 1.11003e-06
0 0 18 5.73121e-07
0 0 19 1.05797e-06
0 0 20 3.85359e-07
0 0 21 1.37376e-06
0 0 22 1.14022e-06
0 0 23 8.39328e-07
0 0 24 -4.50682e-07
0 0 25 5.82303e-07
0 0 26 -8.19184e-07
0 0 27 1.43906e-06
0 0 28 3.32001e-07
0 0 29 -5.2522e-07
0 0 30 7.50024e-07
0 0 31 1.38076e-06
0 0 32 -3.20512e-08
0 0 33 -7.87743e-07
0 0 34 -7.26491e-07
0 0 35 4.43615e-07
0 0 36 -1.71403e-06
0 0 37 7.24151e-07
0 0 38 3.20999e-07
0 0 39 -1.09158e-06
0 0 40 -6.44781e-07
0 0 41 1.76629e-06
0 0 42 1.54396e-06
0 0 43 -1.6817e-06
0 0 44 6.83622e-07
0 0 45 1.25264e-06
0 0 46 1.58887e-06
0 0 47 1.18578e-06
0 0 48 1.21509e-06
0 0 49 -1.58208e-07
0 0 50 -3.00042e-07
0 0 51 -8.36533e-07
0 0 52 -9.57374e-07
0 0 53 7.39254e-08
0 0 54 -1.19349e-06
0 0 55 -2.46048e-06
0 0 56 -7.16764e-07
0 0 57 5.48399e-07
0 0 58 -1.11649e-06
0 0 59 -3.11547e-07
0 0 60 -2.14022e-07
0 0 61 3.90817e-07
0 0 62 2.11141e-07
0 0 63 9.88532e-07
0 0 64 1.20568e-06
0 0 65 6.74781e-07
0 0 66 1.06422e-06
0 0 67 3.57758e-07
0 0 68 -6.09334e-07
0 0 69 -1.80016e-07
0 0 70 2.49628e-07
0 0 71 1.63911e-06
0 0 72 2.08159e-07
0 0 73 1.17134e-06
0 0 74 9.47607e-07
0 0 75 2.32926e-07
0 0 76 -1.53006e-06
0 0 77 3.95678e-06
0 0 78 5.323e-07
0 0 79 1.68608e-06
0 0 80 -3.31589e-07
0 0 81 -1.18455e-07
0 0 82 6.32229e-08
0 0 83 2.05809e-06
0 0 84 1.07769e-06
0 0 85 1.04955e-06
0 0 86 1.98549e-06
0 0 87 7.45314e-07
0 0 88 9.27753e-07
0 0 89 1.89574e-06
0 0 90 7.98056e-08
0 0 91 2.66971e-06
0 0 92 -3.00457e-07
0 0 93 -9.5555e-07
0 0 94 3.00601e-07
0 0 95 5.27252e-07
0 0 96 -4.91451e-07
0 0 97 -6.05383e-08
0 0 98 1.1321e-06
0 0 99 -9.63579e-07
0 0 100 4.04364e-07
0 0 101 1.21295e-06
0 0 102 4.66504e-07
0 0 103 6.26933e-07
0 0 104 1.18606e-06
0 0 105 1.99007e-06
0 0 106 3.58113e-07
0 0 107 4.12678e-07
0 0 108 -7.6103e-07
0 0 109 2.2344e-06
0 0 110 -9.83165e-07
0 0 111 7.64226e-07
0 0 112 1.02844e-07
0 0 113 -1.39343e-06
0 0 114 3.89849e-07
0 0 115 7.39162e-08
0 0 116 -6.96601e-07
0 0 117 2.44934e-06
0 0 118 -1.25031e-06
0 0 119 1.24638e-06
0 0 120 -1.10093e-06
0 0 121 -3.74775e-07
0 0 122 4.28075e-07
0 0 123 9.10855e-07
0 0 124 1.06752e-06
0 0 125 -4.63884e-07
0 0 126 4.37757e-07
0 0 127 1.44195e-06
0 0 128 6.07256e-07
0 0 129 -1.97857e-07
0 0 130 1.38812e-06
0 0 131 1.75942e-06
0 0 132 -1.17362e-06
0 0 133 -4.40948e-07
0 0 134 2.52138e-06
0 0 135 2.5487e-06
0 0 136 1.05474e-06
0 0 137 6.43461e-07
0 0 138 -5.95599e-08
0 0 139 1.37032e-06
0 0 140 2.39093e-06
0 0 141 3.61752e-06
0 0 142 8.9244e-07
0 0 143 1.94479e-07
0 0 144 2.80102e-06
0 0 145 2.71089e-06
0 0 146 2.17432e-06
0 0 147 1.9823e-06
0 0 148 2.20801e-06
0 0 149 1.41981e-06
0 0 150 2.46001e-07
0 0 151 4.878e-07
0 0 152 6.68344e-07
0 0 153 1.26401e-06
0 0 154 -1.07206e-06
0 0 155 -2.21483e-07
0 0 156 3.89479e-06
0 0 157 5.61295e-06
0 0 158 3.26866e-06
0 0 159 5.70501e-06
0 0 160 4.70774e-06
0 0 161 3.51788e-06
0 0 162 2.38264e-06
0 0 163 2.33826e-06
0 0 164 6.38065e-07
0 0 165 4.15474e-06
0 0 166 3.51785e-06
0 0 167 -1.45015e-07
0 0 168 4.39949e-06
0 0 169 1.88812e-06
0 0 170 3.42366e-06
0 0 171 2.66128e-06
0 0 172 5.01948e-06
0 0 173 5.63594e-06
0 0 174 7.05969e-06
0 0 175 8.06477e-06
0 0 176 1.1325e-05
0 0 177 1.62121e-05
0 0 178 2.54831e-05
0 0 179 4.64113e-05
0 0 180 4.94729e-05
0 0 181 3.89117e-05
0 0 182 3.33275e-05
0 0 183 2.71491e-05
0 0 184 2.03353e-05
0 0 185 1.50946e-05
0 0 186 9.22807e-06
0 0 187 7.24863e-06
0 0 188 5.35178e-06
0 0 189 2.85797e-06
0 0 190 2.2021e-06
0 0 191 1.01142e-06
0 0 192 2.8441e-06
0 0 193 2.39996e-06
0 0 194 1.69788e-06
0 0 195 8.54087e-07
0 0 196 -1.26392e-07
0 0 197 1.39104e-06
0 0 198 1.00066e-06
0 0 199 1.59107e-06
0 0 200 1.42622e-07
0 0 201 1.0024e-06
0 0 202 -1.19766e-07
0 0 203 1.12586e-06
0 0 204 8.18221e-07
0 0 205 2.25457e-07
0 0 206 8.38778e-07
0 0 207 -6.98458e-08
0 0 208 2.7448e-06
0 0 209 4.93978e-07
0 0 210 -1.05459e-06
0 0 211 1.01378e-06
0 0 212 -2.05502e-07
0 0 213 1.01739e-06
0 0 214 6.57889e-07
0 0 215 -5.34724e-07
0 0 216 5.37108e-07
0 0 217 1.03768e-06
0 0 218 -1.87332e-07
0 0 219 1.89581e-07
0 0 220 2.5391e-07
0 0 221 -9.43037e-07
0 0 222 -6.42599e-07
0 0 223 -1.0371e-07
0 0 224 1.56018e-06
0 0 225 1.00488e-06
0 0 226 1.76132e-06
0 0 227 8.66017e-07
0 0 228 1.49776e-06
0 0 229 1.91694e-06
0 0 230 -2.7653e-08
0 0 231 2.23533e-06
0 0 232 2.87994e-07
0 0 233 -1.79879e-07
0 0 234 3.44529e-07
0 0 235 1.72484e-06
0 0 236 8.87362e-07
0 0 237 -3.89007e-08
0 0 238 7.57189e-07
0 0 239 4.31722e-07
0 0 240 -9.0225e-07
0 0 241 8.83151e-09
0 0 242 -5.92773e-07
0 0 243 2.9243e-08
0 0 244 9.0891e-07
0 0 245 -2.10026e-07
0 0 246 8.98722e-07
0 0 247 -5.05877e-07
0 0 248 -8.90039e-07
0 0 249 -1.53556e-06
0 0 250 2.08335e-06
0 0 251 5.11544e-07
0 0 252 7.78232e-07
0 0 253 2.07342e-06
0 0 254 1.41929e-06
0 0 255 4.81674e-07
