0 0 0 5.46665e-07
0 0 1 5.13649e-07
0 0 2 -4.86059e-07
0 0 3 1.13297e-06
0 0 4 1.4514e-06
0 0 5 -1.10708e-06
0 0 6 6.06514e-07
0 0 7 1.4795e-06
0 0 8 -5.41756e-07
0 0 9 -9.26467e-07
0 0 10 1.80446e-06
0 0 11 -1.36337e-06
0 0 12 3.84287e-07
0 0 13 9.80385e-08
0 0 14 4.03966e-08
0 0 15 -4.93255e-07
0 0 16 -7.68701e-07
0 0 17 -2.04531e-07
0 0 18 2.99216e-07
0 0 19 -1.35104e-07
0 0 20 -5.31555e-07
0 0 21 1.70913e-06
0 0 22 4.50832e-07
0 0 23 -1.59982e-07
0 0 24 4.58263e-07
0 0 25 -8.80652e-07
0 0 26 1.03844e-06
0 0 27 6.51969e-07
0 0 28 -1.45287e-07
0 0 29 6.85836e-07
0 0 30 1.37873e-06
0 0 31 -8.21745e-07
0 0 32 7.02572e-07
0 0 33 -9.05845e-07
0 0 34 -1.67163e-06
0 0 35 3.48804e-07
0 0 36 1.86167e-06
0 0 37 1.00921e-06
0 0 38 1.85417e-06
0 0 39 1.18969e-07
0 0 40 5.3377e-07
0 0 41 1.14515e-06
0 0 42 -2.64463e-08
0 0 43 5.25185e-07
0 0 44 2.34766e-06
0 0 45 -1.26011e-06
0 0 46 2.49399e-07
0 0 47 -1.93639e-06
0 0 48 6.06201e-07
0 0 49 -3.07052e-07
0 0 50 1.48046e-06
0 0 51 1.8527e-06
0 0 52 7.30639e-08
0 0 53 -3.11874e-07
0 0 54 2.25102e-06
0 0 55 7.49261e-07
0 0 56 1.7553e-06
0 0 57 -2.84625e-07
0 0 58 3.85575e-07
0 0 59 2.91173e-07
0 0 60 4.507e-07
0 0 61 4.35583e-07
0 0 62 -1.2797e-06
0 0 63 8.71523e-07
0 0 64 -8.87345e-07
0 0 65 2.23661e-07
0 0 66 5.91312e-08
0 0 67 -8.97081e-07
0 0 68 4.48361e-08
0 0 69 7.67934e-07
0 0 70 -3.37732e-08
0 0 71 -7.29312e-07
0 0 72 -5.35673e-07
0 0 73 2.78819e-06
0 0 74 -1.6179e-06
0 0 75 2.6197e-06
0 0 76 -1.61933e-06
0 0 77 1.11776e-07
0 0 78 -3.77726e-07
0 0 79 2.48139e-07
0 0 80 4.478e-07
0 0 81 -5.14423e-07
0 0 82 3.08238e-07
0 0 83 -3.84568e-07
0 0 84 -5.25913e-07
0 0 85 3.94271e-07
0 0 86 -4.32224e-07
0 0 87 -2.93532e-07
0 0 88 1.09231e-06
0 0 89 -1.561e-06
0 0 90 -7.38637e-07
0 0 91 -1.18214e-06
0 0 92 1.16882e-06
0 0 93 1.69448e-06
0 0 94 1.87827e-07
0 0 95 1.6029e-06
0 0 96 -1.84269e-06
0 0 97 1.41056e-07
0 0 98 1.10615e-07
0 0 99 1.14251e-07
0 0 100 7.196e-08
0 0 101 -1.50852e-07
0 0 102 5.43974e-07
0 0 103 1.51308e-06
0 0 104 -5.66619e-07
0 0 105 -1.82072e-07
0 0 106 -9.8319e-08
0 0 107 1.35007e-08
0 0 108 3.80225e-07
0 0 109 3.85265e-07
0 0 110 -6.49229e-07
0 0 111 1.12153e-06
0 0 112 5.53113e-07
0 0 113 3.57775e-07
0 0 114 2.72248e-07
0 0 115 1.61711e-06
0 0 116 4.54381e-07
0 0 117 4.79477e-08
0 0 118 -1.17171e-06
0 0 119 4.37422e-07
0 0 120 -9.76402e-08
0 0 121 -1.71595e-06
0 0 122 7.74643e-08
0 0 123 -2.16147e-07
0 0 124 -4.60203e-07
0 0 125 8.23499e-08
0 0 126 -9.6067e-08
0 0 127 -4.50031e-08
0 0 128 -6.79148e-07
0 0 129 -2.03211e-08
0 0 130 -1.23116e-06
0 0 131 1.14248e-06
0 0 132 -3.04627e-07
0 0 133 1.07182e-06
0 0 134 -1.26181e-07
0 0 135 -2.89085e-07
0 0 136 2.44702e-07
0 0 137 -2.24908e-06
0 0 138 2.62496e-07
0 0 139 3.27063e-07
0 0 140 2.26741e-06
0 0 141 2.69317e-06
0 0 142 3.55824e-06
0 0 143 1.11855e-06
0 0 144 3.56732e-06
0 0 145 2.24169e-06
0 0 146 1.1734e-06
0 0 147 1.91292e-06
0 0 148 2.66582e-06
0 0 149 9.63365e-07
0 0 150 -8.67525e-07
0 0 151 5.49219e-07
0 0 152 8.91462e-07
0 0 153 9.20271e-07
0 0 154 5.43338e-07
0 0 155 -4.94708e-07
0 0 156 4.37618e-07
0 0 157 3.9537e-06
0 0 158 6.13501e-06
0 0 159 6.69354e-06
0 0 160 7.05641e-06
0 0 161 6.85571e-06
0 0 162 8.75685e-06
0 0 163 4.67294e-06
0 0 164 3.71629e-06
0 0 165 2.13389e-06
0 0 166 1.34036e-06
0 0 167 7.47851e-08
0 0 168 5.13169e-07
0 0 169 3.11747e-06
0 0 170 2.18618e-06
0 0 171 3.72236e-06
0 0 172 2.62561e-06
0 0 173 4.76057e-06
0 0 174 4.3219e-06
0 0 175 6.42388e-06
0 0 176 8.75453e-06
0 0 177 1.05129e-05
0 0 178 1.49914e-05
0 0 179 2.2115e-05
0 0 180 3.20053e-05
0 0 181 6.11054e-05
0 0 182 7.08363e-05
0 0 183 6.19588e-05
0 0 184 5.09947e-05
0 0 185 4.23127e-05
0 0 186 2.95467e-05
0 0 187 2.05392e-05
0 0 188 1.48681e-05
0 0 189 8.91967e-06
0 0 190 7.78077e-06
0 0 191 2.01394e-06
0 0 192 2.20224e-06
0 0 193 -2.44402e-07
0 0 194 1.04329e-06
0 0 195 -1.58009e-07
0 0 196 6.35504e-07
0 0 197 2.13523e-06
0 0 198 1.2879e-06
0 0 199 5.44617e-07
0 0 200 1.39069e-07
0 0 201 -2.72554e-07
0 0 202 1.56028e-06
0 0 203 1.20909e-06
0 0 204 1.06026e-06
0 0 205 -1.50501e-06
0 0 206 -4.65586e-07
0 0 207 2.54664e-07
0 0 208 9.48427e-07
0 0 209 -4.31438e-07
0 0 210 5.87528e-07
0 0 211 5.0597e-07
0 0 212 8.06962e-07
0 0 213 6.23925e-07
0 0 214 6.1963e-07
0 0 215 -6.91369e-07
0 0 216 -2.25509e-07
0 0 217 -9.75109e-07
0 0 218 -1.69984e-06
0 0 219 5.05566e-07
0 0 220 -1.3472e-07
0 0 221 1.08469e-06
0 0 222 4.09789e-07
0 0 223 -2.23068e-07
0 0 224 5.05569e-07
0 0 225 -1.87573e-06
0 0 226 -4.76773e-07
0 0 227 -1.14144e-07
0 0 228 1.42753e-06
0 0 229 -3.34794e-07
0 0 230 -8.8971e-07
0 0 231 8.69615e-07
0 0 232 1.06788e-06
0 0 233 1.09408e-06
0 0 234 -1.46012e-07
0 0 235 -8.97352e-08
0 0 236 2.03568e-06
0 0 237 -4.71071e-08
0 0 238 -4.34065e-07
0 0 239 -7.39455e-07
0 0 240 7.211e-07
0 0 241 8.77434e-08
0 0 242 -5.47973e-07
0 0 243 -1.41604e-07
0 0 244 -7.61303e-07
0 0 245 3.40887e-07
0 0 246 9.86809e-08
0 0 247 1.25965e-07
0 0 248 -6.36519e-07
0 0 249 7.28987e-07
0 0 250 -1.92378e-07
0 0 251 1.17951e-06
0 0 252 -4.70774e-07
0 0 253 -8.37386e-07
0 0 254 2.66904e-07
0 0 255 -9.9605e-07
