0 0 0 2.62205e-07
0 0 1 1.43573e-06
0 0 2 2.89273e-07
0 0 3 -6.90338e-07
0 0 4 -5.97508e-07
0 0 5 8.71987e-07
0 0 6 -8.40875e-07
0 0 7 6.14176e-07
0 0 8 -5.10992e-07
0 0 9 -8.27382e-07
0 0 10 1.14338e-06
0 0 11 7.45556e-07
0 0 12 6.59079e-07
0 0 13 2.78741e-07
0 0 14 -6.18682e-07
0 0 15 -8.08864e-07
0 0 16 2.5587e-07
0 0 17 3.54566e-07
0 0 18 4.06988e-07
0 0 19 1.1532e-06
0 0 20 -1.81536e-07
0 0 21 4.88719e-07
0 0 22 8.18855e-07
0 0 23 -3.56295e-07
0 0 24 -1.21469e-07
0 0 25 6.58666e-07
0 0 26 2.91259e-07
0 0 27 9.9994e-07
0 0 28 8.96801e-07
0 0 29 1.195e-06
0 0 30 5.76637e-07
0 0 31 -5.18307e-07
0 0 32 1.06144e-06
0 0 33 2.5393e-07
0 0 34 1.30917e-06
0 0 35 5.92344e-07
0 0 36 1.09348e-06
0 0 37 1.77508e-07
0 0 38 5.43771e-07
0 0 39 1.71149e-06
0 0 40 2.35368e-07
0 0 41 1.01349e-06
0 0 42 1.6394e-07
0 0 43 1.04649e-06
0 0 44 4.86683e-08
0 0 45 7.91098e-07
0 0 46 1.09024e-06
0 0 47 -5.25858e-07
0 0 48 1.91508e-07
0 0 49 9.14176e-07
0 0 50 6.10757e-07
0 0 51 1.1565e-06
0 0 52 4.38063e-07
0 0 53 -4.17582e-08
0 0 54 6.67633e-07
0 0 55 -2.93789e-07
0 0 56 2.97009e-07
0 0 57 5.7262e-07
0 0 58 4.65896e-07
0 0 59 8.22764e-07
0 0 60 1.10078e-06
0 0 61 -1.21668e-06
0 0 62 5.81039e-07
0 0 63 1.08687e-06
0 0 64 -1.35367e-06
0 0 65 1.13833e-06
0 0 66 1.45292e-07
0 0 67 2.99414e-07
0 0 68 -9.51717e-07
0 0 69 1.18492e-06
0 0 70 1.35322e-07
0 0 71 1.49508e-07
0 0 72 -4.14526e-08
0 0 73 -3.23339e-07
0 0 74 1.3718e-06
0 0 75 3.09788e-07
0 0 76 -3.78562e-07
0 0 77 1.02183e-06
0 0 78 -2.99588e-07
0 0 79 2.27743e-06
0 0 80 5.97671e-07
0 0 81 2.2897e-07
0 0 82 -9.22359e-07
0 0 83 9.1806e-07
0 0 84 -3.9002e-08
0 0 85 2.03269e-06
0 0 86 -1.10783e-06
0 0 87 1.60283e-06
0 0 88 5.65509e-07
0 0 89 2.0974e-06
0 0 90 4.30788e-07
0 0 91 5.31291e-07
0 0 92 1.73505e-07
0 0 93 8.9731e-07
0 0 94 6.20805e-07
0 0 95 6.41096e-07
0 0 96 1.12751e-06
0 0 97 5.42949e-07
0 0 98 -2.20067e-07
0 0 99 1.89628e-06
0 0 100 4.69941e-07
0 0 101 8.68202e-07
0 0 102 4.5026e-07
0 0 103 1.25205e-06
0 0 104 -1.25434e-07
0 0 105 1.29755e-06
0 0 106 6.93211e-07
0 0 107 -2.74644e-07
0 0 108 8.89123e-07
0 0 109 2.26037e-07
0 0 110 1.56647e-06
0 0 111 -3.09849e-07
0 0 112 1.51266e-06
0 0 113 4.396e-07
0 0 114 -1.55525e-06
0 0 115 9.99493e-07
0 0 116 2.35738e-07
0 0 117 5.87773e-07
0 0 118 4.17342e-07
0 0 119 6.448e-07
0 0 120 -4.44373e-08
0 0 121 2.37448e-07
0 0 122 -1.76437e-07
0 0 123 4.35742e-07
0 0 124 -1.23977e-06
0 0 125 -5.70815e-07
0 0 126 1.04188e-06
0 0 127 3.75787e-07
0 0 128 1.37927e-06
0 0 129 1.26764e-06
0 0 130 5.27412e-07
0 0 131 -3.12476e-07
0 0 132 8.2401e-07
0 0 133 5.49487e-07
0 0 134 -4.38643e-07
0 0 135 1.06807e-06
0 0 136 9.15562e-07
0 0 137 -2.45104e-07
0 0 138 -1.27779e-06
0 0 139 5.57051e-07
0 0 140 1.60628e-08
0 0 141 -3.08737e-07
0 0 142 8.96985e-07
0 0 143 2.49326e-08
0 0 144 1.5496e-06
0 0 145 1.02502e-06
0 0 146 1.07135e-06
0 0 147 1.43938e-07
0 0 148 1.02276e-07
0 0 149 -1.22907e-06
0 0 150 -5.46419e-07
0 0 151 -1.03555e-06
0 0 152 1.7688e-06
0 0 153 1.34201e-06
0 0 154 -2.72063e-07
0 0 155 3.18702e-06
0 0 156 2.23017e-06
0 0 157 1.29958e-07
0 0 158 -2.12872e-07
0 0 159 1.23173e-06
0 0 160 6.60063e-07
0 0 161 1.9227e-06
0 0 162 -1.58142e-07
0 0 163 1.35619e-07
0 0 164 2.19115e-07
0 0 165 6.79596e-07
0 0 166 7.92006e-07
0 0 167 3.08914e-07
0 0 168 1.50132e-06
0 0 169 1.56372e-06
0 0 170 2.16625e-06
0 0 171 2.73153e-06
0 0 172 1.7363e-06
0 0 173 2.32367e-06
0 0 174 2.08515e-06
0 0 175 2.51223e-06
0 0 176 5.52738e-06
0 0 177 8.16722e-06
0 0 178 1.1316e-05
0 0 179 1.27814e-05
0 0 180 1.13689e-05
0 0 181 9.64951e-06
0 0 182 8.00343e-06
0 0 183 5.86724e-06
0 0 184 3.0677e-06
0 0 185 2.33145e-06
0 0 186 3.30724e-06
0 0 187 1.34751e-06
0 0 188 1.28813e-06
0 0 189 -8.90103e-07
0 0 190 4.30317e-07
0 0 191 -1.19167e-07
0 0 192 1.17343e-06
0 0 193 -2.87961e-07
0 0 194 -1.39178e-06
0 0 195 2.67044e-06
0 0 196 5.95476e-07
0 0 197 1.11266e-06
0 0 198 -5.10044e-07
0 0 199 2.32679e-07
0 0 200 -1.85492e-06
0 0 201 -6.58471e-07
0 0 202 8.27215e-07
0 0 203 -4.8682e-07
0 0 204 -2.85656e-07
0 0 205 -5.28259e-07
0 0 206 1.56464e-06
0 0 207 -1.68292e-07
0 0 208 2.00327e-07
0 0 209 -7.58884e-07
0 0 210 -4.97888e-07
0 0 211 -1.8792e-07
0 0 212 8.09347e-07
0 0 213 1.47021e-07
0 0 214 -3.55062e-07
0 0 215 1.4526e-06
0 0 216 7.57547e-07
0 0 217 5.30384e-07
0 0 218 1.40886e-06
0 0 219 4.67638e-07
0 0 220 1.14278e-07
0 0 221 1.56016e-06
0 0 222 -2.20473e-06
0 0 223 -7.08703e-07
0 0 224 -3.85124e-07
0 0 225 2.16651e-07
0 0 226 -9.71147e-08
0 0 227 3.59908e-07
0 0 228 5.02598e-07
0 0 229 2.6696e-07
0 0 230 -7.74537e-07
0 0 231 -5.08547e-07
0 0 232 7.12546e-07
0 0 233 -1.37384e-06
0 0 234 1.42977e-08
0 0 235 -1.3057e-07
0 0 236 1.99164e-07
0 0 237 -6.61334e-07
0 0 238 3.95654e-07
0 0 239 1.56927e-07
0 0 240 -9.39451e-07
0 0 241 2.41661e-07
0 0 242 4.9012e-07
0 0 243 -5.24751e-07
0 0 244 1.57743e-06
0 0 245 -5.03596e-07
0 0 246 1.50134e-06
0 0 247 4.55693e-07
0 0 248 -1.43368e-06
0 0 249 -2.01874e-07
0 0 250 5.81378e-07
0 0 251 -3.9505e-08
0 0 252 1.84203e-06
0 0 253 1.70706e-06
0 0 254 -1.58435e-07
0 0 255 -8.90488e-07
