0 0 0 3.90395e-07
0 0 1 2.12322e-06
0 0 2 1.98899e-07
0 0 3 6.87189e-07
0 0 4 5.85816e-07
0 0 5 -7.71027e-08
0 0 6 1.39153e-06
0 0 7 9.02547e-07
0 0 8 1.4785e-06
0 0 9 -4.47506e-07
0 0 10 8.99127e-07
0 0 11 -4.17047e-07
0 0 12 1.89699e-06
0 0 13 -5.52879e-07
0 0 14 -4.74302e-07
0 0 15 8.40036e-07
0 0 16 7.7065e-07
0 0 17 7.18188e-10
0 0 18 6.0384e-07
0 0 19 -6.42461e-07
0 0 20 -1.66279e-07
0 0 21 5.65314e-07
0 0 22 5.25198e-07
0 0 23 -1.33662e-06
0 0 24 -6.74441e-07
0 0 25 7.56375e-07
0 0 26 3.94929e-08
0 0 27 2.01988e-08
0 0 28 -6.57812e-07
0 0 29 -9.06922e-07
0 0 30 1.47543e-07
0 0 31 2.60409e-06
0 0 32 1.10036e-06
0 0 33 -7.47829e-07
0 0 34 4.13553e-07
0 0 35 5.66645e-07
0 0 36 5.28603e-07
0 0 37 4.59718e-07
0 0 38 6.10743e-07
0 0 39 4.16209e-07
0 0 40 -2.07776e-07
0 0 41 3.18015e-07
0 0 42 4.51254e-08
0 0 43 1.63021e-06
0 0 44 3.6714e-07
0 0 45 1.75213e-06
0 0 46 -3.88238e-07
0 0 47 -9.29749e-07
0 0 48 2.86021e-06
0 0 49 4.97535e-07
0 0 50 7.44252e-07
0 0 51 5.33716e-07
0 0 52 9.77583e-07
0 0 53 -2.02187e-07
0 0 54 2.82099e-07
0 0 55 1.86814e-06
0 0 56 7.93684e-07
0 0 57 6.08507e-07
0 0 58 8.64894e-07
0 0 59 -1.32566e-06
0 0 60 7.40946e-07
0 0 61 -8.09758e-07
0 0 62 -1.7835e-06
0 0 63 6.66879e-07
0 0 64 -1.30891e-06
0 0 65 -7.8135e-07
0 0 66 3.90265e-07
0 0 67 1.10024e-06
0 0 68 1.0485e-06
0 0 69 -2.05534e-07
0 0 70 -5.5731e-07
0 0 71 4.68498e-09
0 0 72 7.1037e-07
0 0 73 -1.95361e-06
0 0 74 6.10337e-07
0 0 75 -9.06557e-07
0 0 76 3.14389e-07
0 0 77 1.25834e-06
0 0 78 3.94197e-07
0 0 79 -6.47923e-07
0 0 80 6.44484e-07
0 0 81 1.17412e-06
0 0 82 1.70794e-07
0 0 83 -5.51426e-07
0 0 84 -8.41012e-07
0 0 85 1.07967e-08
0 0 86 3.64944e-07
0 0 87 -6.09589e-08
0 0 88 4.44955e-07
0 0 89 7.41458e-08
0 0 90 -5.21042e-08
0 0 91 -9.1464e-08
0 0 92 8.70766e-07
0 0 93 5.33037e-08
0 0 94 -7.23352e-07
0 0 95 8.19022e-07
0 0 96 1.424e-08
0 0 97 1.02128e-06
0 0 98 2.70659e-07
0 0 99 2.24917e-06
0 0 100 -5.74223e-07
0 0 101 6.71212e-07
0 0 102 -1.56348e-06
0 0 103 -7.00684e-08
0 0 104 -1.78678e-07
0 0 105 -6.34451e-07
0 0 106 -2.34502e-07
0 0 107 -1.25246e-07
0 0 108 1.12488e-06
0 0 109 -3.15729e-08
0 0 110 3.5699e-07
0 0 111 6.84776e-07
0 0 112 4.15631e-07
0 0 113 1.83031e-06
0 0 114 -6.32806e-08
0 0 115 -5.03918e-07
0 0 116 1.66e-06
0 0 117 -1.73428e-06
0 0 118 2.06085e-07
0 0 119 2.1608e-06
0 0 120 3.13866e-07
0 0 121 -1.68417e-06
0 0 122 -4.12128e-07
0 0 123 -6.48629e-07
0 0 124 1.55342e-06
0 0 125 1.05063e-07
0 0 126 6.29744e-09
0 0 127 1.09694e-07
0 0 128 -2.07985e-07
0 0 129 -1.00593e-07
0 0 130 2.97678e-07
0 0 131 -4.508e-07
0 0 132 1.85883e-07
0 0 133 1.58156e-07
0 0 134 2.77059e-08
0 0 135 9.16104e-07
0 0 136 3.34104e-06
0 0 137 3.08014e-06
0 0 138 4.31074e-06
0 0 139 2.98522e-06
0 0 140 2.22651e-06
0 0 141 1.97637e-06
0 0 142 3.72574e-06
0 0 143 1.37067e-06
0 0 144 1.41923e-06
0 0 145 -4.46831e-07
0 0 146 1.36914e-06
0 0 147 7.15031e-08
0 0 148 1.01115e-06
0 0 149 1.25596e-06
0 0 150 5.87722e-07
0 0 151 1.18748e-06
0 0 152 5.87785e-06
0 0 153 6.07589e-06
0 0 154 4.5462e-06
0 0 155 6.31623e-06
0 0 156 3.18746e-06
0 0 157 4.24146e-06
0 0 158 3.11416e-06
0 0 159 1.23459e-06
0 0 160 4.03899e-07
0 0 161 7.47312e-07
0 0 162 1.65559e-06
0 0 163 2.4246e-06
0 0 164 1.53308e-06
0 0 165 2.08336e-06
0 0 166 3.84492e-06
0 0 167 2.46544e-06
0 0 168 2.69224e-06
0 0 169 6.27303e-06
0 0 170 7.55423e-06
0 0 171 8.64494e-06
0 0 172 1.0699e-05
0 0 173 1.53906e-05
0 0 174 2.42433e-05
0 0 175 4.12787e-05
0 0 176 4.70422e-05
0 0 177 4.03381e-05
0 0 178 3.26021e-05
0 0 179 2.67424e-05
0 0 180 1.96448e-05
0 0 181 1.28956e-05
0 0 182 1.04504e-05
0 0 183 4.57785e-06
0 0 184 4.21989e-06
0 0 185 1.45233e-06
0 0 186 2.0261e-06
0 0 187 2.59696e-06
0 0 188 1.88105e-06
0 0 189 2.98841e-06
0 0 190 8.304e-07
0 0 191 -1.42889e-06
0 0 192 2.11761e-06
0 0 193 8.07455e-07
0 0 194 -1.5933e-06
0 0 195 2.09302e-06
0 0 196 5.89717e-07
0 0 197 -9.06352e-07
0 0 198 1.26814e-06
0 0 199 2.49583e-07
0 0 200 5.41398e-07
0 0 201 -1.41465e-06
0 0 202 1.29994e-06
0 0 203 -4.80861e-07
0 0 204 5.30142e-07
0 0 205 1.98872e-07
0 0 206 1.19077e-06
0 0 207 -9.41842e-07
0 0 208 1.65141e-06
0 0 209 2.35735e-07
0 0 210 1.5355e-06
0 0 211 2.76559e-07
0 0 212 -4.35337e-07
0 0 213 2.41168e-07
0 0 214 1.49929e-06
0 0 215 1.25814e-06
0 0 216 -7.93944e-07
0 0 217 -5.43959e-07
0 0 218 -1.76192e-06
0 0 219 -4.78433e-07
0 0 220 -7.37405e-07
0 0 221 5.57759e-08
0 0 222 1.04918e-06
0 0 223 5.82956e-07
0 0 224 2.62778e-08
0 0 225 1.03605e-06
0 0 226 1.73654e-06
0 0 227 1.64228e-06
0 0 228 -5.12252e-10
0 0 229 -5.54189e-07
0 0 230 1.32084e-06
0 0 231 2.17844e-06
0 0 232 -1.24858e-07
0 0 233 8.30958e-07
0 0 234 1.26662e-06
0 0 235 5.56518e-07
0 0 236 6.40294e-07
0 0 237 4.84899e-07
0 0 238 1.0232e-07
0 0 239 5.03827e-07
0 0 240 1.24351e-07
0 0 241 2.3926e-07
0 0 242 1.25746e-06
0 0 243 7.59764e-07
0 0 244 -5.95935e-07
0 0 245 7.80648e-09
0 0 246 -5.76965e-07
0 0 247 1.15068e-06
0 0 248 -6.01226e-07
0 0 249 -1.34823e-07
0 0 250 8.27539e-07
0 0 251 1.33479e-06
0 0 252 -3.14314e-06
0 0 253 -1.18621e-06
0 0 254 7.77772e-08
0 0 255 -2.66624e-09
