0 0 0 1.07427e-06
0 0 1 -3.77311e-07
0 0 2 -2.74745e-08
0 0 3 5.1588e-07
0 0 4 1.62311e-07
0 0 5 -7.8497e-07
0 0 6 -3.17655e-07
0 0 7 -2.23673e-07
0 0 8 -5.59173e-07
0 0 9 1.18688e-06
0 0 10 1.07249e-06
0 0 11 -1.64819e-07
0 0 12 4.38896e-07
0 0 13 -1.20243e-06
0 0 14 1.55149e-06
0 0 15 1.59135e-06
0 0 16 -3.34571e-07
0 0 17 5.48108e-07
0 0 18 9.48353e-07
0 0 19 7.12728e-07
0 0 20 1.46943e-06
0 0 21 2.82684e-07
0 0 22 6.53635e-07
0 0 23 -8.47002e-07
0 0 24 -1.25382e-06
0 0 25 1.1798e-06
0 0 26 -3.02289e-07
0 0 27 9.4938e-07
0 0 28 -6.4702e-07
0 0 29 -4.32122e-07
0 0 30 3.46023e-07
0 0 31 -2.55998e-07
0 0 32 -1.31978e-06
0 0 33 -4.80824e-07
0 0 34 9.08405e-07
0 0 35 4.67551e-07
0 0 36 3.46321e-07
0 0 37 -6.14882e-07
0 0 38 1.1723e-06
0 0 39 -7.75966e-07
0 0 40 1.39579e-06
0 0 41 -3.02932e-07
0 0 42 1.22747e-06
0 0 43 4.06915e-07
0 0 44 1.81994e-06
0 0 45 -5.04792e-07
0 0 46 -2.80995e-07
0 0 47 1.9595e-07
0 0 48 2.44235e-07
0 0 49 2.43556e-07
0 0 50 1.16899e-06
0 0 51 7.32982e-07
0 0 52 4.35373e-07
0 0 53 -1.47392e-07
0 0 54 1.03029e-06
0 0 55 -4.99923e-07
0 0 56 6.85732e-07
0 0 57 1.26464e-06
0 0 58 -3.45361e-07
0 0 59 -5.82864e-07
0 0 60 2.77399e-07
0 0 61 7.52543e-07
0 0 62 -9.2302e-07
0 0 63 8.41259e-07
0 0 64 1.53202e-06
0 0 65 -7.81684e-07
0 0 66 -1.60452e-06
0 0 67 9.4302e-07
0 0 68 -1.594e-06
0 0 69 1.2434e-06
0 0 70 1.22514e-07
0 0 71 2.71588e-07
0 0 72 4.23277e-07
0 0 73 -1.89105e-07
0 0 74 1.86879e-06
0 0 75 -3.89977e-07
0 0 76 9.63156e-07
0 0 77 5.82379e-07
0 0 78 -6.30353e-07
0 0 79 1.26234e-06
0 0 80 -2.8019e-07
0 0 81 1.65643e-06
0 0 82 -6.88901e-07
0 0 83 1.02784e-06
0 0 84 -2.6387e-07
0 0 85 5.60196e-07
0 0 86 1.71965e-06
0 0 87 -3.05992e-08
0 0 88 1.42282e-06
0 0 89 1.71022e-06
0 0 90 5.80334e-07
0 0 91 -1.63997e-06
0 0 92 -4.53526e-07
0 0 93 -6.49761e-07
0 0 94 -1.74585e-07
0 0 95 5.60875e-07
0 0 96 -2.50858e-07
0 0 97 1.70211e-07
0 0 98 -2.60803e-06
0 0 99 2.03816e-07
0 0 100 -4.80858e-07
0 0 101 4.00072e-07
0 0 102 4.14202e-07
0 0 103 6.48358e-08
0 0 104 4.27683e-07
0 0 105 -8.91225e-08
0 0 106 2.34703e-07
0 0 107 1.30102e-07
0 0 108 2.03718e-07
0 0 109 -8.80821e-07
0 0 110 -1.06899e-07
0 0 111 -2.9384e-07
0 0 112 -2.77119e-07
0 0 113 -7.47959e-07
0 0 114 2.28359e-06
0 0 115 2.32386e-07
0 0 116 -1.41961e-06
0 0 117 7.61001e-07
0 0 118 1.40592e-06
0 0 119 -5.83052e-08
0 0 120 -1.0407e-06
0 0 121 -1.67725e-09
0 0 122 -5.28654e-08
0 0 123 1.73917e-06
0 0 124 -2.38889e-07
0 0 125 1.16145e-06
0 0 126 2.13213e-07
0 0 127 -5.41759e-09
0 0 128 1.36071e-07
0 0 129 8.53027e-07
0 0 130 3.38719e-07
0 0 131 4.59063e-08
0 0 132 -2.74199e-07
0 0 133 -7.40354e-08
0 0 134 1.19935e-06
0 0 135 1.22731e-06
0 0 136 1.67291e-06
0 0 137 -1.17644e-06
0 0 138 6.029e-07
0 0 139 1.26352e-06
0 0 140 -5.12479e-07
0 0 141 9.31581e-07
0 0 142 1.69523e-06
0 0 143 5.12193e-07
0 0 144 -6.87936e-07
0 0 145 2.82296e-06
0 0 146 -2.62948e-07
0 0 147 3.00715e-07
0 0 148 2.85412e-06
0 0 149 -5.92461e-07
0 0 150 8.571e-07
0 0 151 -9.57224e-08
0 0 152 2.92395e-07
0 0 153 1.48521e-06
0 0 154 9.52665e-07
0 0 155 9.72237e-07
0 0 156 5.81397e-07
0 0 157 5.80411e-07
0 0 158 1.95972e-06
0 0 159 2.42067e-07
0 0 160 1.96072e-06
0 0 161 1.29354e-06
0 0 162 1.10188e-06
0 0 163 2.61344e-06
0 0 164 -4.10199e-07
0 0 165 2.49012e-06
0 0 166 7.8752e-07
0 0 167 -1.14233e-07
0 0 168 7.09599e-07
0 0 169 -5.79683e-07
0 0 170 1.62347e-06
0 0 171 2.12734e-06
0 0 172 7.76982e-07
0 0 173 5.7595e-07
0 0 174 1.15607e-06
0 0 175 1.85441e-06
0 0 176 2.54161e-06
0 0 177 2.42932e-06
0 0 178 3.00996e-06
0 0 179 3.93623e-06
0 0 180 4.16553e-06
0 0 181 5.46497e-06
0 0 182 5.8896e-06
0 0 183 6.62266e-06
0 0 184 7.25458e-06
0 0 185 7.71946e-06
0 0 186 3.88873e-06
0 0 187 3.31206e-06
0 0 188 3.85003e-06
0 0 189 1.34756e-06
0 0 190 2.26981e-06
0 0 191 1.70485e-06
0 0 192 8.08897e-07
0 0 193 2.05025e-06
0 0 194 -8.13663e-07
0 0 195 1.06801e-06
0 0 196 2.86163e-06
0 0 197 1.65373e-06
0 0 198 4.86073e-07
0 0 199 7.86439e-07
0 0 200 1.6264e-06
0 0 201 1.41142e-07
0 0 202 -4.44575e-07
0 0 203 -3.2038e-07
0 0 204 1.21596e-06
0 0 205 4.77065e-07
0 0 206 -8.40278e-07
0 0 207 -2.56919e-07
0 0 208 1.85108e-06
0 0 209 4.31158e-07
0 0 210 8.23861e-07
0 0 211 -1.37974e-06
0 0 212 -2.4928e-07
0 0 213 1.60732e-07
0 0 214 1.2369e-07
0 0 215 1.21984e-07
0 0 216 -6.16774e-09
0 0 217 -5.62325e-07
0 0 218 -5.58578e-07
0 0 219 -4.38297e-07
0 0 220 9.17479e-07
0 0 221 -7.50533e-07
0 0 222 1.20983e-06
0 0 223 4.73127e-08
0 0 224 -3.57528e-07
0 0 225 -9.55535e-07
0 0 226 9.17935e-07
0 0 227 6.30992e-07
0 0 228 8.14369e-07
0 0 229 -1.55138e-06
0 0 230 1.06468e-06
0 0 231 -5.39864e-07
0 0 232 7.48474e-07
0 0 233 5.77916e-07
0 0 234 6.13286e-07
0 0 235 -2.04384e-08
0 0 236 -1.40879e-06
0 0 237 4.95899e-07
0 0 238 -4.70422e-07
0 0 239 2.84119e-07
0 0 240 8.91222e-07
0 0 241 -7.00521e-08
0 0 242 2.98199e-07
0 0 243 3.04975e-07
0 0 244 -7.77119e-07
0 0 245 -2.11181e-07
0 0 246 -1.22743e-06
0 0 247 9.34215e-07
0 0 248 -1.39307e-07
0 0 249 8.25771e-07
0 0 250 -1.98125e-08
0 0 251 7.13981e-07
0 0 252 3.7336e-07
0 0 253 7.79357e-07
0 0 254 -8.54131e-07
0 0 255 -2.43461e-06
