0 0 0 3.40775e-08
0 0 1 2.87805e-07
0 0 2 -6.35322e-07
0 0 3 -8.79239e-07
0 0 4 -4.95951e-07
0 0 5 -3.15044e-07
0 0 6 -2.88419e-07
0 0 7 2.49964e-07
0 0 8 -8.42914e-07
0 0 9 -7.16976e-07
0 0 10 1.70662e-06
0 0 11 2.34124e-07
0 0 12 1.98489e-07
0 0 13 6.4207e-07
0 0 14 -4.29333e-08
0 0 15 -4.21658e-07
0 0 16 2.92243e-07
0 0 17 -5.65553e-07
0 0 18 7.18777e-08
0 0 19 -2.69904e-07
0 0 20 3.93304e-07
0 0 21 3.53421e-07
0 0 22 1.28627e-07
0 0 23 -3.88538e-07
0 0 24 7.28462e-07
0 0 25 -1.59134e-06
0 0 26 1.7805e-06
0 0 27 -1.39118e-06
0 0 28 8.93295e-07
0 0 29 2.48795e-07
0 0 30 -3.13924e-07
0 0 31 1.03515e-06
0 0 32 1.15248e-06
0 0 33 -8.30458e-07
0 0 34 -3.10055e-08
0 0 35 -4.5472e-07
0 0 36 -2.36356e-07
0 0 37 -5.67032e-07
0 0 38 5.2044e-07
0 0 39 8.35619e-07
0 0 40 -5.37832e-07
0 0 41 1.13077e-07
0 0 42 -2.97993e-09
0 0 43 1.06601e-06
0 0 44 3.31362e-08
0 0 45 5.66598e-07
0 0 46 1.06904e-06
0 0 47 6.93714e-07
0 0 48 -1.85654e-06
0 0 49 9.21619e-07
0 0 50 8.38066e-07
0 0 51 7.04532e-07
0 0 52 -1.17693e-06
0 0 53 1.19859e-06
0 0 54 4.13503e-07
0 0 55 -5.17779e-07
0 0 56 5.48324e-07
0 0 57 7.49438e-07
0 0 58 5.40688e-07
0 0 59 7.11586e-09
0 0 60 7.34883e-07
0 0 61 1.37761e-06
0 0 62 -1.12007e-08
0 0 63 6.65372e-07
0 0 64 6.49082e-07
0 0 65 -1.81302e-07
0 0 66 4.58164e-07
0 0 67 1.528e-07
0 0 68 8.14134e-07
0 0 69 9.35715e-07
0 0 70 5.72271e-07
0 0 71 -7.16703e-07
0 0 72 -2.2805e-06
0 0 73 -8.99807e-07
0 0 74 -3.62069e-08
0 0 75 6.62096e-07
0 0 76 4.63023e-08
0 0 77 3.72526e-07
0 0 78 1.07933e-06
0 0 79 6.68771e-08
0 0 80 7.36924e-07
0 0 81 -6.54017e-07
0 0 82 5.01902e-07
0 0 83 -9.81787e-07
0 0 84 -3.80845e-07
0 0 85 -3.39415e-08
0 0 86 8.19927e-07
0 0 87 5.79615e-07
0 0 88 1.79133e-06
0 0 89 -8.82524e-07
0 0 90 6.84472e-07
0 0 91 -4.12211e-07
0 0 92 3.90307e-07
0 0 93 8.85447e-07
0 0 94 -7.74468e-07
0 0 95 -3.26813e-07
0 0 96 1.1525e-06
0 0 97 -1.14317e-06
0 0 98 5.99282e-07
0 0 99 -1.00106e-06
0 0 100 -1.28076e-06
0 0 101 9.95261e-07
0 0 102 5.99822e-07
0 0 103 8.35688e-07
0 0 104 3.06154e-07
0 0 105 4.01148e-07
0 0 106 6.58061e-07
0 0 107 8.04802e-07
0 0 108 1.81286e-06
0 0 109 1.09346e-06
0 0 110 -8.49441e-07
0 0 111 1.39419e-07
0 0 112 -1.67764e-07
0 0 113 1.75321e-06
0 0 114 3.48321e-07
0 0 115 1.72897e-07
0 0 116 1.90881e-07
0 0 117 1.34741e-06
0 0 118 1.55294e-06
0 0 119 -6.35444e-07
0 0 120 -7.43955e-07
0 0 121 5.67977e-07
0 0 122 1.33675e-08
0 0 123 3.9232e-07
0 0 124 3.10911e-07
0 0 125 -7.17697e-07
0 0 126 2.26111e-07
0 0 127 5.77618e-07
0 0 128 -1.455e-06
0 0 129 8.15871e-07
0 0 130 5.30651e-07
0 0 131 -5.96278e-07
0 0 132 -3.16619e-07
0 0 133 -1.15992e-06
0 0 134 1.26395e-06
0 0 135 1.36956e-06
0 0 136 1.41839e-06
0 0 137 -5.06087e-07
0 0 138 1.11233e-06
0 0 139 -2.55164e-07
0 0 140 -3.60156e-07
0 0 141 -1.83466e-07
0 0 142 9.67232e-07
0 0 143 6.22437e-07
0 0 144 1.39278e-06
0 0 145 8.25066e-08
0 0 146 1.95015e-06
0 0 147 5.52024e-07
0 0 148 -6.22888e-07
0 0 149 -1.16378e-06
0 0 150 -3.1316e-07
0 0 151 2.04878e-06
0 0 152 5.13082e-07
0 0 153 1.74716e-06
0 0 154 -7.7642e-09
0 0 155 -1.69691e-07
0 0 156 6.4085e-07
0 0 157 1.14176e-06
0 0 158 1.01959e-06
0 0 159 7.16486e-07
0 0 160 -8.8899e-08
0 0 161 8.00327e-07
0 0 162 7.30526e-07
0 0 163 1.87989e-08
0 0 164 2.74931e-06
0 0 165 2.25077e-06
0 0 166 -3.86814e-07
0 0 167 -5.83731e-08
0 0 168 4.37875e-07
0 0 169 -1.53017e-09
0 0 170 2.14858e-07
0 0 171 1.78994e-06
0 0 172 1.21607e-06
0 0 173 3.74302e-06
0 0 174 5.61598e-06
0 0 175 6.90966e-06
0 0 176 8.71318e-06
0 0 177 7.3715e-06
0 0 178 6.05332e-06
0 0 179 5.8651e-06
0 0 180 3.76314e-06
0 0 181 4.57411e-06
0 0 182 3.70753e-06
0 0 183 2.21284e-06
0 0 184 1.76881e-06
0 0 185 1.75643e-06
0 0 186 7.37748e-07
0 0 187 -8.98584e-08
0 0 188 6.12268e-07
0 0 189 -4.94987e-07
0 0 190 1.97043e-06
0 0 191 -3.73905e-07
0 0 192 -2.22194e-07
0 0 193 4.29108e-07
0 0 194 -8.85092e-07
0 0 195 3.68704e-07
0 0 196 -5.91738e-07
0 0 197 8.6737e-07
0 0 198 -1.24011e-07
0 0 199 2.98542e-07
0 0 200 -1.38874e-06
0 0 201 -1.30802e-06
0 0 202 -8.97532e-07
0 0 203 4.3349e-07
0 0 204 1.05571e-07
0 0 205 9.38585e-07
0 0 206 4.80569e-07
0 0 207 9.55254e-07
0 0 208 5.74464e-08
0 0 209 1.61842e-06
0 0 210 -1.19034e-06
0 0 211 3.87871e-07
0 0 212 8.78716e-07
0 0 213 3.68375e-07
0 0 214 1.1781e-07
0 0 215 1.09143e-06
0 0 216 8.93899e-07
0 0 217 -1.07126e-06
0 0 218 -5.86789e-07
0 0 219 5.43369e-07
0 0 220 -5.28852e-08
0 0 221 -9.36996e-07
0 0 222 1.3551e-08
0 0 223 1.08186e-06
0 0 224 -8.04465e-07
0 0 225 -1.17523e-06
0 0 226 -2.10389e-07
0 0 227 7.46893e-07
0 0 228 -7.45037e-08
0 0 229 4.14636e-07
0 0 230 3.52404e-07
0 0 231 -4.94171e-07
0 0 232 1.16598e-06
0 0 233 -5.73323e-07
0 0 234 9.86551e-07
0 0 235 -3.6325e-07
0 0 236 2.47449e-07
0 0 237 1.15892e-07
0 0 238 -2.93063e-07
0 0 239 1.24121e-07
0 0 240 8.16922e-08
0 0 241 -1.8606e-07
0 0 242 1.50128e-06
0 0 243 -3.56861e-07
0 0 244 4.57528e-07
0 0 245 4.00505e-08
0 0 246 -2.02893e-07
0 0 247 8.11364e-08
0 0 248 1.59083e-06
0 0 249 1.88118e-08
0 0 250 4.69623e-07
0 0 251 1.94878e-06
0 0 252 -1.41369e-07
0 0 253 2.41751e-08
0 0 254 1.24087e-06
0 0 255 2.04069e-07
