0 0 0 -1.19139e-06
0 0 1 3.52728e-07
0 0 2 -1.9752e-07
0 0 3 4.92768e-07
0 0 4 -6.99964e-07
0 0 5 -8.90502e-07
0 0 6 1.37926e-06
0 0 7 -3.77318e-07
0 0 8 -1.53263e-06
0 0 9 6.83931e-07
0 0 10 1.37589e-06
0 0 11 -5.77586e-07
0 0 12 -1.31537e-06
0 0 13 -1.32717e-06
0 0 14 -4.09994e-08
0 0 15 -1.30418e-07
0 0 16 8.57373e-08
0 0 17 5.6073e-08
0 0 18 8.29467e-07
0 0 19 4.82282e-08
0 0 20 2.25216e-07
0 0 21 -6.53707e-07
0 0 22 -1.5598e-06
0 0 23 8.10787e-08
0 0 24 -1.54601e-06
0 0 25 8.65451e-07
0 0 26 2.14243e-06
0 0 27 2.18053e-07
0 0 28 3.5972e-07
0 0 29 2.10937e-07
0 0 30 -2.02894e-07
0 0 31 -2.08662e-07
0 0 32 -3.92617e-08
0 0 33 1.08998e-06
0 0 34 9.50049e-07
0 0 35 -1.73994e-06
0 0 36 -3.04506e-07
0 0 37 -4.22532e-07
0 0 38 4.06035e-07
0 0 39 1.28075e-06
0 0 40 4.3274e-07
0 0 41 4.80233e-07
0 0 42 -1.86214e-07
0 0 43 1.16775e-06
0 0 44 -8.32306e-08
0 0 45 1.28042e-06
0 0 46 4.49871e-07
0 0 47 1.34843e-06
0 0 48 9.75277e-07
0 0 49 -7.33881e-07
0 0 50 -1.08107e-06
0 0 51 -7.75976e-07
0 0 52 -1.0301e-06
0 0 53 7.34143e-07
0 0 54 4.45311e-07
0 0 55 1.14e-07
0 0 56 -1.58309e-06
0 0 57 1.9138e-06
0 0 58 9.39665e-08
0 0 59 1.31406e-06
0 0 60 6.54904e-07
0 0 61 1.84495e-06
0 0 62 5.12584e-08
0 0 63 -9.49435e-07
0 0 64 -2.62979e-07
0 0 65 2.57404e-07
0 0 66 1.3057e-06
0 0 67 -1.06033e-07
0 0 68 5.59958e-07
0 0 69 6.36756e-08
0 0 70 1.19887e-06
0 0 71 -1.35087e-06
0 0 72 5.05125e-07
0 0 73 -9.0202e-07
0 0 74 1.98303e-07
0 0 75 -1.20774e-07
0 0 76 -5.66188e-08
0 0 77 7.36016e-07
0 0 78 7.07485e-09
0 0 79 -9.23234e-08
0 0 80 -2.71439e-07
0 0 81 1.77884e-07
0 0 82 7.03599e-07
0 0 83 2.07733e-06
0 0 84 -6.6621e-08
0 0 85 1.03173e-06
0 0 86 2.01037e-06
0 0 87 1.25157e-06
0 0 88 5.89779e-07
0 0 89 -6.41261e-07
0 0 90 -1.99636e-07
0 0 91 6.45152e-07
0 0 92 2.58123e-08
0 0 93 6.85047e-07
0 0 94 -1.69237e-06
0 0 95 7.82264e-07
0 0 96 3.90839e-07
0 0 97 7.24086e-08
0 0 98 1.41912e-06
0 0 99 1.28842e-06
0 0 100 -7.02091e-07
0 0 101 -3.18103e-08
0 0 102 1.27899e-06
0 0 103 1.08574e-06
0 0 104 2.18673e-06
0 0 105 6.5397e-08
0 0 106 -3.62864e-07
0 0 107 -1.29298e-07
0 0 108 6.41363e-07
0 0 109 2.01784e-07
0 0 110 1.92636e-06
0 0 111 -1.01375e-06
0 0 112 3.795e-07
0 0 113 7.28519e-07
0 0 114 6.41636e-07
0 0 115 4.46434e-07
0 0 116 -1.77893e-07
0 0 117 -7.45027e-07
0 0 118 2.07182e-07
0 0 119 7.51078e-07
0 0 120 1.08129e-06
0 0 121 -4.63677e-07
0 0 122 2.2052e-06
0 0 123 1.74536e-07
0 0 124 3.20075e-07
0 0 125 -6.80727e-07
0 0 126 5.60675e-07
0 0 127 -1.66295e-07
0 0 128 -9.70054e-07
0 0 129 1.28457e-06
0 0 130 8.61478e-07
0 0 131 1.05929e-06
0 0 132 2.6487e-07
0 0 133 2.54297e-07
0 0 134 -6.7244e-07
0 0 135 1.35647e-07
0 0 136 1.49081e-06
0 0 137 2.35832e-06
0 0 138 1.93786e-06
0 0 139 1.93237e-06
0 0 140 -1.44849e-08
0 0 141 7.10407e-07
0 0 142 -8.94487e-08
0 0 143 5.03208e-07
0 0 144 1.58106e-06
0 0 145 7.70722e-07
0 0 146 6.01001e-07
0 0 147 1.3667e-06
0 0 148 -8.60762e-07
0 0 149 -7.50495e-07
0 0 150 -1.44235e-06
0 0 151 4.66318e-07
0 0 152 8.9265e-07
0 0 153 5.30761e-07
0 0 154 1.38362e-06
0 0 155 2.18131e-07
0 0 156 1.91922e-06
0 0 157 1.74811e-06
0 0 158 6.56562e-07
0 0 159 2.05875e-06
0 0 160 2.31263e-06
0 0 161 1.51546e-07
0 0 162 7.72588e-07
0 0 163 1.30797e-06
0 0 164 3.08394e-07
0 0 165 3.01234e-07
0 0 166 1.75283e-06
0 0 167 1.47005e-06
0 0 168 3.52549e-06
0 0 169 1.43019e-06
0 0 170 5.30737e-08
0 0 171 3.75265e-06
0 0 172 3.92609e-06
0 0 173 2.80505e-06
0 0 174 4.17857e-06
0 0 175 5.43494e-06
0 0 176 8.0541e-06
0 0 177 9.46576e-06
0 0 178 1.1199e-05
0 0 179 8.8289e-06
0 0 180 9.12621e-06
0 0 181 7.20122e-06
0 0 182 4.52785e-06
0 0 183 3.09351e-06
0 0 184 2.58527e-06
0 0 185 4.08226e-06
0 0 186 1.81721e-06
0 0 187 1.84895e-06
0 0 188 7.23896e-07
0 0 189 1.23343e-07
0 0 190 -3.8192e-07
0 0 191 5.83098e-07
0 0 192 1.63273e-07
0 0 193 1.02502e-06
0 0 194 -3.88201e-07
0 0 195 -6.33185e-09
0 0 196 9.21371e-07
0 0 197 1.51629e-06
0 0 198 1.09867e-06
0 0 199 1.02248e-06
0 0 200 2.96848e-06
0 0 201 6.95629e-07
0 0 202 1.35459e-07
0 0 203 7.26526e-07
0 0 204 -6.67962e-07
0 0 205 -2.20186e-07
0 0 206 1.18929e-06
0 0 207 1.40836e-06
0 0 208 1.55836e-06
0 0 209 1.0832e-06
0 0 210 5.07812e-07
0 0 211 9.30788e-07
0 0 212 8.06502e-07
0 0 213 6.18828e-07
0 0 214 -4.91557e-07
0 0 215 8.57875e-07
0 0 216 3.67647e-07
0 0 217 3.12377e-07
0 0 218 -2.42328e-07
0 0 219 -1.90387e-07
0 0 220 -4.89796e-07
0 0 221 -3.77567e-07
0 0 222 6.53768e-07
0 0 223 -4.6622e-07
0 0 224 1.86327e-06
0 0 225 1.20624e-06
0 0 226 -8.90162e-07
0 0 227 9.72035e-07
0 0 228 -1.63998e-07
0 0 229 7.84331e-07
0 0 230 3.32277e-07
0 0 231 1.60949e-06
0 0 232 -8.9005e-08
0 0 233 5.72389e-07
0 0 234 1.73161e-06
0 0 235 -9.17487e-07
0 0 236 4.73839e-07
0 0 237 3.38809e-07
0 0 238 -1.16624e-06
0 0 239 1.75393e-07
0 0 240 4.46888e-07
0 0 241 4.60973e-07
0 0 242 8.13774e-07
0 0 243 1.00083e-06
0 0 244 -1.70251e-06
0 0 245 1.30404e-06
0 0 246 2.03136e-07
0 0 247 1.6155e-06
0 0 248 5.23195e-07
0 0 249 1.10601e-06
0 0 250 4.82452e-07
0 0 251 1.99057e-06
0 0 252 6.14546e-07
0 0 253 -1.24293e-06
0 0 254 -4.74393e-07
0 0 255 2.66376e-06
