0 0 0 1.00227e-06
0 0 1 1.12637e-06
0 0 2 1.05422e-06
0 0 3 -1.67504e-06
0 0 4 1.8379e-07
0 0 5 1.17283e-06
0 0 6 1.57175e-06
0 0 7 7.0874e-07
0 0 8 1.18707e-06
0 0 9 4.07746e-07
0 0 10 9.71195e-07
0 0 11 -3.11445e-08
0 0 12 -2.39185e-07
0 0 13 -5.17949e-07
0 0 14 3.75023e-07
0 0 15 -1.21127e-06
0 0 16 -1.02209e-06
0 0 17 7.05305e-07
0 0 18 1.52194e-06
0 0 19 8.93455e-07
0 0 20 -3.03431e-07
0 0 21 1.28414e-06
0 0 22 5.58085e-07
0 0 23 -1.29557e-06
0 0 24 -3.68425e-07
0 0 25 1.11109e-06
0 0 26 1.17322e-07
0 0 27 1.16652e-06
0 0 28 -1.27499e-07
0 0 29 -1.50262e-07
0 0 30 1.92563e-06
0 0 31 -1.12915e-06
0 0 32 -6.89971e-07
0 0 33 -3.37086e-07
0 0 34 -4.0036e-07
0 0 35 9.95198e-07
0 0 36 -1.84062e-06
0 0 37 3.86996e-07
0 0 38 1.19747e-06
0 0 39 -6.34732e-07
0 0 40 5.83198e-07
0 0 41 -1.23229e-08
0 0 42 2.92321e-07
0 0 43 2.67142e-07
0 0 44 -3.82558e-07
0 0 45 9.11774e-07
0 0 46 -1.14925e-06
0 0 47 -2.32578e-06
0 0 48 -2.64728e-08
0 0 49 -9.7016e-07
0 0 50 -6.71975e-07
0 0 51 4.79298e-08
0 0 52 3.95345e-07
0 0 53 2.4726e-06
0 0 54 6.86289e-07
0 0 55 1.19586e-06
0 0 56 -8.78116e-07
0 0 57 6.64267e-07
0 0 58 1.16152e-06
0 0 59 -1.57976e-06
0 0 60 3.94583e-06
0 0 61 -9.22266e-09
0 0 62 -4.19218e-07
0 0 63 -3.81265e-07
0 0 64 -5.25824e-07
0 0 65 9.70929e-07
0 0 66 1.0445e-06
0 0 67 -5.77555e-07
0 0 68 7.10706e-07
0 0 69 1.75351e-06
0 0 70 1.54887e-06
0 0 71 4.25709e-07
0 0 72 -2.09661e-07
0 0 73 1.19081e-06
0 0 74 2.50157e-07
0 0 75 -9.63075e-07
0 0 76 1.84097e-06
0 0 77 -2.70823e-07
0 0 78 2.60553e-07
0 0 79 1.70521e-07
0 0 80 1.78595e-06
0 0 81 -9.32338e-07
0 0 82 -1.55907e-06
0 0 83 -9.52256e-07
0 0 84 1.67589e-07
0 0 85 -7.88637e-07
0 0 86 -1.29309e-06
0 0 87 -5.0795e-08
0 0 88 1.41258e-06
0 0 89 -1.02686e-08
0 0 90 -1.06179e-06
0 0 91 2.43339e-06
0 0 92 -1.37996e-06
0 0 93 4.73699e-07
0 0 94 4.45084e-07
0 0 95 -1.09753e-06
0 0 96 -7.1494e-07
0 0 97 -1.20014e-06
0 0 98 -1.67757e-06
0 0 99 9.13349e-07
0 0 100 8.6887e-07
0 0 101 -3.15678e-07
0 0 102 -7.04333e-07
0 0 103 -2.34054e-06
0 0 104 1.1218e-06
0 0 105 2.77096e-06
0 0 106 1.37693e-06
0 0 107 1.41786e-06
0 0 108 4.01127e-07
0 0 109 -1.37214e-07
0 0 110 4.83063e-08
0 0 111 1.12468e-06
0 0 112 8.82887e-08
0 0 113 4.54965e-07
0 0 114 -2.25611e-06
0 0 115 1.32133e-06
0 0 116 -1.94358e-06
0 0 117 1.45261e-06
0 0 118 -6.93716e-07
0 0 119 2.17674e-07
0 0 120 -1.22041e-06
0 0 121 7.25857e-07
0 0 122 1.44554e-07
0 0 123 1.57673e-06
0 0 124 1.2852e-06
0 0 125 6.29175e-07
0 0 126 1.53435e-06
0 0 127 -8.75283e-07
0 0 128 -1.87784e-07
0 0 129 -4.52201e-07
0 0 130 -6.72845e-08
0 0 131 -4.77269e-07
0 0 132 7.89879e-07
0 0 133 -1.55232e-06
0 0 134 1.64301e-06
0 0 135 -1.41392e-06
0 0 136 2.1024e-06
0 0 137 -1.23876e-06
0 0 138 1.47931e-06
0 0 139 9.66148e-07
0 0 140 1.13169e-06
0 0 141 7.56484e-07
0 0 142 1.18649e-06
0 0 143 2.593e-06
0 0 144 1.37048e-06
0 0 145 1.86902e-06
0 0 146 2.12221e-06
0 0 147 8.82191e-07
0 0 148 5.43181e-07
0 0 149 7.90689e-08
0 0 150 1.82713e-06
0 0 151 5.88786e-07
0 0 152 2.66532e-07
0 0 153 1.44057e-06
0 0 154 7.73418e-07
0 0 155 2.64003e-07
0 0 156 1.2668e-06
0 0 157 2.11047e-06
0 0 158 2.3025e-06
0 0 159 4.15734e-06
0 0 160 1.36389e-06
0 0 161 2.78662e-06
0 0 162 -1.09359e-06
0 0 163 5.92959e-07
0 0 164 4.72336e-07
0 0 165 4.21703e-07
0 0 166 2.16933e-06
0 0 167 1.65247e-06
0 0 168 -6.78281e-07
0 0 169 1.31957e-06
0 0 170 1.26992e-06
0 0 171 1.20316e-06
0 0 172 2.41708e-06
0 0 173 2.9203e-06
0 0 174 4.43516e-06
0 0 175 4.40836e-06
0 0 176 7.94406e-06
0 0 177 1.05466e-05
0 0 178 2.0203e-05
0 0 179 3.10409e-05
0 0 180 3.49363e-05
0 0 181 2.81758e-05
0 0 182 2.35349e-05
0 0 183 2.27417e-05
0 0 184 1.4133e-05
0 0 185 1.00605e-05
0 0 186 7.85968e-06
0 0 187 4.70439e-06
0 0 188 1.78973e-06
0 0 189 1.66264e-06
0 0 190 1.93817e-06
0 0 191 1.26659e-06
0 0 192 1.46262e-07
0 0 193 -8.01586e-07
0 0 194 1.3399e-06
0 0 195 2.5475e-06
0 0 196 1.39405e-06
0 0 197 2.34507e-08
0 0 198 1.25549e-06
0 0 199 3.30243e-07
0 0 200 6.50355e-07
0 0 201 5.55471e-07
0 0 202 1.84086e-06
0 0 203 -5.50816e-07
0 0 204 -8.40482e-07
0 0 205 1.02535e-06
0 0 206 3.54368e-07
0 0 207 -8.80331e-07
0 0 208 8.6584e-08
0 0 209 1.0435e-06
0 0 210 -5.04847e-07
0 0 211 -3.66481e-07
0 0 212 1.61606e-06
0 0 213 1.70254e-07
0 0 214 1.45845e-06
0 0 215 8.55245e-07
0 0 216 -6.65656e-07
0 0 217 8.27088e-07
0 0 218 -2.78796e-06
0 0 219 -3.44579e-07
0 0 220 -5.73735e-07
0 0 221 -2.06038e-07
0 0 222 1.75734e-08
0 0 223 1.53144e-06
0 0 224 -8.3194e-07
0 0 225 1.62792e-06
0 0 226 -2.09831e-07
0 0 227 1.2575e-06
0 0 228 3.07208e-06
0 0 229 1.26322e-06
0 0 230 3.02618e-07
0 0 231 9.27863e-07
0 0 232 8.40942e-07
0 0 233 8.8059e-07
0 0 234 8.12662e-07
0 0 235 1.33508e-06
0 0 236 1.36256e-06
0 0 237 1.30328e-06
0 0 238 2.19958e-06
0 0 239 2.02134e-06
0 0 240 2.52178e-06
0 0 241 -2.68671e-06
0 0 242 2.35609e-07
0 0 243 2.37218e-06
0 0 244 8.97437e-07
0 0 245 2.45868e-07
0 0 246 7.78368e-09
0 0 247 4.85319e-07
0 0 248 4.80586e-07
0 0 249 8.03365e-07
0 0 250 1.3724e-07
0 0 251 1.84743e-06
0 0 252 7.42003e-07
0 0 253 1.26906e-06
0 0 254 9.25162e-08
0 0 255 -1.47603e-07
